6 0.221875 0.27421875 0.125 0.175
6 0.27890625 0.42734375 0.096875 0.153125
6 0.49453125 0.52265625 0.1109375 0.16875
6 0.68359375 0.38515625 0.0765625 0.140625
7 0.37890625 0.30703125 0.0859375 0.159375
7 0.3765625 0.5703125 0.1015625 0.16875
7 0.49921875 0.34296875 0.1125 0.175
7 0.603125 0.5234375 0.0953125 0.128125
5 0.9453125 0.36484375 0.0484375 0.08125
5 0.88125 0.32578125 0.04375 0.05625
4 0.8203125 0.428125 0.0546875 0.078125
0 0.7625 0.309375 0.04375 0.0640625
0 0.7125 0.2734375 0.04375 0.065625
1 0.95078125 0.23515625 0.059375 0.0828125
1 0.6328125 0.2828125 0.0515625 0.078125
2 0.8265625 0.26875 0.0515625 0.078125