0 0.6578125 0.446875 0.1796875 0.1015625
3 0.91171875 0.53671875 0.17578125 0.11953125
4 0.41796875 0.4796875 0.21328125 0.09921875
2 0.70234375 0.5734375 0.215625 0.1015625
3 0.52421875 0.60390625 0.18984375 0.08671875
1 0.25078125 0.6453125 0.1390625 0.0828125
0 0.8390625 0.6671875 0.1078125 0.0859375
2 0.9703125 0.68203125 0.05859375 0.09296875
5 0.40078125 0.73984375 0.1171875 0.0921875
0 0.61953125 0.72890625 0.1375 0.0875
3 0.8078125 0.81328125 0.184375 0.09921875
1 0.54453125 0.8234375 0.16953125 0.0921875