6 0.66328125 0.7984375 0.146875 0.1015625
6 0.6796875 0.5765625 0.15 0.1
6 0.6828125 0.175 0.1421875 0.096875
7 0.68515625 0.6953125 0.1515625 0.1
7 0.67578125 0.41484375 0.15 0.096875
6 0.65625 0.0328125 0.1421875 0.065625
7 0.665625 0.31796875 0.153125 0.096875
3 0.6734375 0.79609375 0.0734375 0.05
3 0.68359375 0.5796875 0.0671875 0.046875
5 0.66328125 0.42109375 0.0625 0.040625
5 0.690625 0.70078125 0.0703125 0.0515625
1 0.64921875 0.3203125 0.053125 0.040625
0 0.68359375 0.17734375 0.0375 0.034375
3 0.58671875 0.23203125 0.0671875 0.04375
2 0.65625 0.0234375 0.05 0.046875