6 0.2828125 0.6640625 0.10625 0.1703125
6 0.58671875 0.46015625 0.0953125 0.153125
6 0.49375 0.76796875 0.1 0.1546875
6 0.715625 0.81953125 0.096875 0.1546875
7 0.3875 0.71796875 0.1125 0.175
7 0.52265625 0.5859375 0.1015625 0.159375
7 0.60859375 0.7359375 0.109375 0.175
7 0.6859375 0.55703125 0.103125 0.165625
5 0.9296875 0.86953125 0.0515625 0.06875
5 0.8703125 0.784375 0.0421875 0.075
5 0.76875 0.709375 0.0484375 0.065625
2 0.94453125 0.7046875 0.05 0.075
2 0.94296875 0.575 0.0390625 0.059375
4 0.8578125 0.70234375 0.0484375 0.0671875
4 0.80859375 0.65078125 0.046875 0.0671875
4 0.77109375 0.5734375 0.05 0.071875