6 0.25078125 0.69453125 0.1109375 0.159375
7 0.46640625 0.72421875 0.1109375 0.1625
6 0.8546875 0.7 0.10625 0.1578125
7 0.35390625 0.76015625 0.109375 0.1625
7 0.57265625 0.684375 0.1 0.159375
6 0.9546875 0.70390625 0.090625 0.1546875
6 0.6921875 0.74453125 0.1046875 0.1609375
0 0.246875 0.68515625 0.04375 0.0671875
5 0.46875 0.73515625 0.05 0.071875
3 0.5765625 0.67734375 0.040625 0.059375
3 0.35546875 0.7546875 0.04375 0.06875
3 0.69375 0.74609375 0.05 0.0609375
3 0.85390625 0.7 0.0421875 0.06875
0 0.75234375 0.67109375 0.0484375 0.078125
1 0.96796875 0.703125 0.04375 0.065625