7 0.7859375 0.375 0.109375 0.15625
7 0.571875 0.40390625 0.1015625 0.1578125
7 0.2171875 0.396875 0.10625 0.15
7 0.0234375 0.3640625 0.046875 0.1625
6 0.6765625 0.459375 0.1046875 0.1546875
6 0.36484375 0.39765625 0.1 0.146875
6 0.10234375 0.41171875 0.1046875 0.1640625
6 0.46953125 0.41875 0.1 0.1578125
5 0.78515625 0.36171875 0.04375 0.0640625
4 0.47109375 0.41484375 0.04375 0.0640625
3 0.571875 0.415625 0.0421875 0.065625
0 0.66796875 0.4671875 0.034375 0.053125
1 0.371875 0.39453125 0.04375 0.065625
5 0.27578125 0.290625 0.046875 0.078125
3 0.09375 0.40703125 0.0453125 0.06875
0 0.22109375 0.38203125 0.040625 0.0609375
2 0.0125 0.3515625 0.025 0.053125