7 0.41171875 0.3046875 0.165625 0.121875
7 0.38125 0.54375 0.15625 0.1046875
7 0.3109375 0.871875 0.159375 0.1125
6 0.48125 0.4390625 0.159375 0.109375
6 0.3578125 0.76953125 0.165625 0.109375
6 0.41171875 0.953125 0.1578125 0.09375
6 0.421875 0.6515625 0.15 0.103125
5 0.396875 0.296875 0.06875 0.0453125
3 0.378125 0.5421875 0.071875 0.0515625
0 0.40703125 0.6484375 0.0546875 0.0375
1 0.4796875 0.440625 0.06875 0.04375
2 0.3453125 0.7578125 0.08125 0.05
5 0.315625 0.865625 0.071875 0.046875
1 0.221875 0.81328125 0.0765625 0.040625
0 0.4 0.96015625 0.053125 0.046875