7 0.61953125 0.23125 0.15390625 0.11171875
7 0.5921875 0.4375 0.153125 0.09921875
7 0.60859375 0.78671875 0.146875 0.10234375
7 0.6359375 0.975 0.1578125 0.05
6 0.53671875 0.3375 0.15390625 0.0984375
6 0.6046875 0.6421875 0.14375 0.0984375
6 0.58984375 0.89921875 0.15859375 0.0984375
6 0.57734375 0.5421875 0.15390625 0.096875
5 0.63125 0.23125 0.0640625 0.04296875
4 0.58671875 0.54375 0.06640625 0.04140625
3 0.5796875 0.440625 0.0640625 0.04140625
0 0.5359375 0.346875 0.0515625 0.034375
1 0.60390625 0.6390625 0.06484375 0.0421875
5 0.71015625 0.73515625 0.07578125 0.04609375
3 0.59375 0.90546875 0.06796875 0.04375
0 0.6140625 0.7859375 0.059375 0.03828125
2 0.6484375 0.9875 0.05078125 0.02421875