1 0.3219943328125 0.82604995625 0.3351285328125 0.8882480421875 0.3761181671875 0.8688625140624999 0.3648736203125 0.8080299656250001 0.3219943328125 0.82604995625
0 0.24203028437500002 0.8574396390624999 0.2729342546875 0.8958048328125001 0.29843005 0.8510454109375001 0.267912359375 0.8115176984374999 0.24203028437500002 0.8574396390624999
0 0.196701190625 0.8155867125 0.23030930624999998 0.860346090625 0.25580508750000003 0.8184931640625001 0.2295367046875 0.7719899421875 0.196701190625 0.8155867125
2 0.14119639687500002 0.8132615875000001 0.14351419062499998 0.8760409109375 0.18333813125 0.873222915625 0.179826378125 0.807448684375 0.14119639687500002 0.8132615875000001
4 0.1427415875 0.7109544609375 0.179826378125 0.7406003015625 0.2021812921875 0.6813652734375 0.16669217812499998 0.655150603125 0.1427415875 0.7109544609375
5 0.09213632031249999 0.7615267421875 0.09213632031249999 0.823724784375 0.1330897 0.820898103125 0.1334704015625 0.7609454609374999 0.09213632031249999 0.7615267421875
5 0.0255607671875 0.7655957578125 0.06419074687500001 0.7934977078125 0.0796427390625 0.7388564125 0.0483524609375 0.7063041671875 0.0255607671875 0.7655957578125
1 0.02324294375 0.8882480421875 0.05994145468749999 0.912662215625 0.0755939015625 0.8579615125 0.0398538625 0.82604995625 0.02324294375 0.8882480421875
6 0.74921875 0.8828125 0.1078125 0.15
6 0.69296875 0.7359375 0.10625 0.15
6 0.49453125 0.628125 0.103125 0.15
6 0.3109375 0.74765625 0.096875 0.15
7 0.6171875 0.60234375 0.1125 0.15
7 0.60390625 0.82578125 0.11875 0.16875
7 0.490625 0.79375 0.10625 0.178125
7 0.38203125 0.6265625 0.1 0.153125