1 0.332432109375 0.8233686625000001 0.3180197859375 0.7624934062500001 0.277197065625 0.7849675875 0.2901409046875 0.8448987375 0.332432109375 0.8233686625000001
1 0 0.867089553125 0.0060422921875 0.871181125 0.025850332812499998 0.8140772374999999 0 0.7946835921875001 0 0.867089553125
0 0.2539104375 0.8057510765625 0.22290431875 0.76329203125 0.194579475 0.812574671875 0.23087069218749998 0.8565295374999999 0.2539104375 0.8057510765625
0 0.20962692187499998 0.777442134375 0.1848428265625 0.7259969875000001 0.15032191875 0.7686198078124999 0.1813022078125 0.8139066156249999 0.20962692187499998 0.777442134375
2 0.13615944687499998 0.8325541390625 0.1370446515625 0.756632209375 0.0910168203125 0.764623975 0.0945574046875 0.83388608125 0.13615944687499998 0.8325541390625
4 0.15533042187499999 0.6434152375 0.115498621875 0.6087840812499999 0.09248470625 0.6673905343750001 0.1332016453125 0.70068964375 0.155497109375 0.6440039296875 0.15533042187499999 0.6434152375
5 0.0848650140625 0.7802816890625001 0.0850812765625 0.7144074609375 0.0439660125 0.7158297859375 0.0434934109375 0.7798329875000001 0.0848650140625 0.7802816890625001
5 0 0.7368471015625 0.0141928640625 0.747120196875 0.032849684375 0.690484515625 0 0.6644658 0 0.7368471015625
6 0.71015625 0.83359375 0.109375 0.1546875
6 0.6515625 0.68671875 0.1078125 0.15625
6 0.44921875 0.5765625 0.109375 0.165625
6 0.26640625 0.6984375 0.103125 0.1609375
7 0.575 0.5515625 0.10625 0.165625
7 0.5625 0.77578125 0.109375 0.1578125
7 0.4453125 0.7484375 0.1046875 0.16875
7 0.3375 0.58046875 0.1078125 0.1578125