7 0.39453125 0.22421875 0.1625 0.1140625
7 0.43125 0.44296875 0.1625 0.1046875
7 0.40859375 0.8109375 0.15625 0.109375
7 0.38125 0.98984375 0.16875 0.0203125
6 0.48828125 0.33515625 0.159375 0.1078125
6 0.41796875 0.659375 0.153125 0.103125
6 0.43203125 0.92890625 0.165625 0.1
6 0.446875 0.55 0.1625 0.103125
5 0.38359375 0.2234375 0.065625 0.0453125
4 0.43359375 0.54921875 0.0703125 0.04375
3 0.44140625 0.44609375 0.06875 0.04375
0 0.4875 0.33984375 0.0546875 0.0375
1 0.41015625 0.653125 0.06875 0.04375
5 0.30234375 0.75234375 0.08125 0.05
3 0.42421875 0.934375 0.071875 0.046875
0 0.4046875 0.80625 0.0625 0.040625