7 0.796875 0.384375 0.10625 0.153125
7 0.5890625 0.4109375 0.1 0.153125
7 0.24296875 0.390625 0.103125 0.146875
7 0.03984375 0.3484375 0.0796875 0.1578125
6 0.690625 0.4671875 0.1015625 0.15
6 0.3875 0.39609375 0.0984375 0.14375
6 0.13125 0.4046875 0.1015625 0.159375
6 0.4890625 0.4203125 0.096875 0.153125
5 0.79375 0.37578125 0.04375 0.0625
4 0.48984375 0.41328125 0.040625 0.075
3 0.5921875 0.41875 0.040625 0.0640625
0 0.68046875 0.46484375 0.034375 0.0515625
1 0.39453125 0.39375 0.0421875 0.065625
5 0.30078125 0.28203125 0.0421875 0.06875
3 0.125 0.3984375 0.04375 0.06875
0 0.2453125 0.38203125 0.0375 0.059375
2 0.03046875 0.33828125 0.04375 0.05