6 0.59375 0.8734375 0.1671875 0.103125
7 0.60390625 0.64375 0.14375 0.10625
6 0.61328125 0.23671875 0.146875 0.0921875
7 0.60625 0.7703125 0.15625 0.096875
7 0.6046875 0.48203125 0.1421875 0.1
6 0.58984375 0.07734375 0.14375 0.096875
7 0.596875 0.37890625 0.153125 0.096875
3 0.59765625 0.86953125 0.078125 0.05
3 0.6140625 0.6484375 0.06875 0.0453125
5 0.60078125 0.48671875 0.065625 0.04375
4 0.61796875 0.7734375 0.065625 0.04375
1 0.584375 0.38125 0.059375 0.04375
0 0.62265625 0.23984375 0.0375 0.034375
3 0.515625 0.29296875 0.065625 0.040625
2 0.59609375 0.0796875 0.046875 0.04375