6 0.20859375 0.26171875 0.153125 0.1046875
6 0.35625 0.31796875 0.159375 0.1203125
6 0.4484375 0.51171875 0.15625 0.1015625
6 0.321875 0.6859375 0.159375 0.103125
7 0.478125 0.3890625 0.1546875 0.1046875
7 0.25859375 0.39921875 0.1578125 0.103125
7 0.2890625 0.51171875 0.15 0.103125
7 0.44375 0.61640625 0.165625 0.103125
1 0.22578125 0.6421875 0.06875 0.0546875
1 0.19140625 0.94453125 0.075 0.0453125
0 0.215625 0.721875 0.0671875 0.05
0 0.25625 0.76953125 0.059375 0.0375
2 0.22578125 0.8296875 0.06875 0.0484375
4 0.36796875 0.82421875 0.084375 0.046875
5 0.30703125 0.940625 0.08125 0.05
5 0.27109375 0.8796875 0.0625 0.0375