6 0.61171875 0.18671875 0.13984375 0.096875
6 0.6296875 0.4015625 0.14296875 0.09609375
6 0.6328125 0.78359375 0.13515625 0.09140625
7 0.634375 0.2859375 0.14375 0.0953125
7 0.62421875 0.55234375 0.14375 0.09375
6 0.6125 0.9328125 0.13671875 0.09140625
7 0.61640625 0.64609375 0.1453125 0.0921875
3 0.62421875 0.190625 0.0703125 0.04765625
3 0.63671875 0.39765625 0.0640625 0.04453125
5 0.621875 0.546875 0.059375 0.03984375
5 0.64140625 0.28125 0.0671875 0.04921875
1 0.61015625 0.64609375 0.0515625 0.03828125
0 0.64140625 0.78203125 0.034375 0.0328125
3 0.54296875 0.728125 0.0640625 0.0421875
2 0.61484375 0.93125 0.046875 0.05