7 0.6234375 0.2375 0.15234375 0.10703125
7 0.5890625 0.44375 0.153125 0.09921875
7 0.61015625 0.790625 0.146875 0.10234375
7 0.6359375 0.975 0.1578125 0.05
6 0.53515625 0.3421875 0.15078125 0.1015625
6 0.6015625 0.64765625 0.14375 0.0984375
6 0.5875 0.9015625 0.15703125 0.09375
6 0.57421875 0.54453125 0.15390625 0.096875
5 0.63359375 0.23671875 0.0625 0.04296875
4 0.58671875 0.54375 0.06640625 0.04140625
3 0.5796875 0.446875 0.0640625 0.04140625
0 0.5359375 0.346875 0.0515625 0.034375
1 0.60859375 0.6421875 0.06484375 0.0421875
5 0.71015625 0.73515625 0.07578125 0.04609375
3 0.5953125 0.90703125 0.06796875 0.04375
0 0.6140625 0.7859375 0.059375 0.03828125
2 0.6484375 0.9875 0.05078125 0.02421875