6 0.6078125 0.20859375 0.16484375 0.1140625
7 0.6203125 0.43828125 0.1640625 0.1078125
6 0.60078125 0.853125 0.15390625 0.10703125
7 0.66953125 0.328125 0.1640625 0.11484375
7 0.5875 0.54375 0.1671875 0.1109375
6 0.6359375 0.953125 0.1640625 0.09375
6 0.6296875 0.70078125 0.16015625 0.1046875
0 0.6140625 0.21328125 0.0640625 0.04296875
1 0.6359375 0.43828125 0.06796875 0.0484375
1 0.5796875 0.54296875 0.0640625 0.046875
5 0.6578125 0.33046875 0.06484375 0.04453125
3 0.63828125 0.69765625 0.0640625 0.04296875
0 0.60390625 0.85546875 0.06484375 0.040625
4 0.5234375 0.78828125 0.07421875 0.0546875
2 0.63125 0.9578125 0.0625 0.04140625