5 0.2609375 0.5203125 0.159375 0.13359375
5 0.4265625 0.42890625 0.16875 0.1359375
4 0.578125 0.33828125 0.1859375 0.128125
4 0.76484375 0.3015625 0.19453125 0.07734375
2 0.94140625 0.45 0.1171875 0.109375
2 0.7734375 0.509375 0.11484375 0.1234375
1 0.98359375 0.60703125 0.0328125 0.09296875
1 0.896875 0.6671875 0.11875 0.1265625
0 0.6328125 0.73359375 0.10390625 0.0734375
0 0.45703125 0.7984375 0.10078125 0.10546875
3 0.4265625 0.66796875 0.16875 0.0984375
3 0.24296875 0.69296875 0.175 0.08984375