6 0.3484375 0.22890625 0.1625 0.1125
7 0.31640625 0.45234375 0.165625 0.1125
6 0.3421875 0.85625 0.159375 0.1109375
7 0.2796875 0.3359375 0.16875 0.115625
7 0.35859375 0.565625 0.1671875 0.1125
6 0.3375 0.9578125 0.1625 0.084375
6 0.28671875 0.6875 0.1625 0.10625
0 0.3546875 0.2265625 0.06875 0.0453125
5 0.30234375 0.45546875 0.071875 0.0515625
3 0.3609375 0.56640625 0.06875 0.05
3 0.28046875 0.33671875 0.06875 0.046875
3 0.29375 0.68515625 0.06875 0.0453125
3 0.340625 0.85546875 0.06875 0.04375
0 0.3703125 0.75 0.078125 0.05
1 0.3359375 0.97578125 0.065625 0.04375