1 0.7780268546875 0.6866006828125 0.8344418375 0.67439841875 0.8141749328125 0.634530146875 0.7568712375 0.6481167640625001 0.7780268546875 0.6866006828125
1 0.8366134734375 0.9755981203124999 0.8591822328125 0.9422205484375 0.8054286375 0.9235473421875 0.778937871875 0.9589093343749999 0.8366134734375 0.9755981203124999
0 0.804014228125 0.7644849734375 0.84539025625 0.7302729421875 0.7975909734375 0.70855318125 0.75762300625 0.7377829078125 0.804014228125 0.7644849734375
0 0.7626382015625001 0.806206940625 0.805268028125 0.7770015640625 0.770942921875 0.7502996203125 0.72251606875 0.77366379375 0.7626382015625001 0.806206940625
2 0.75887680625 0.8621143515625 0.8240752953125 0.8587766125 0.8228214968750001 0.8195580203124999 0.7513539171875 0.8187235312500001 0.75887680625 0.8621143515625
4 0.6121800609375 0.839035153125 0.6673480656249999 0.8607305640625 0.6986935109375 0.8223463656250001 0.6453335546875001 0.801328246875 0.6447794015625 0.8014853828125 0.6121800609375 0.839035153125
5 0.7129453796874999 0.906469540625 0.773193503125 0.906915065625 0.7736158796875 0.8679137109375 0.7116065015624999 0.8677098375 0.7129453796874999 0.906469540625
5 0.7169619093749999 0.9697325296875 0.7423999765625 0.9345369359375001 0.6890871187500001 0.9169489953125 0.66073031875 0.9528030359375 0.7169619093749999 0.9697325296875
6 0.8234375 0.27890625 0.1453125 0.10390625
6 0.6859375 0.33359375 0.146875 0.1015625
6 0.58203125 0.525 0.1546875 0.103125
6 0.69609375 0.69609375 0.1515625 0.096875
7 0.5578125 0.40625 0.15625 0.1
7 0.76953125 0.41796875 0.1484375 0.10390625
7 0.74375 0.528125 0.159375 0.0984375
7 0.58515625 0.6296875 0.1484375 0.1015625