6 0.80234375 0.53359375 0.1625 0.09921875
6 0.7015625 0.31953125 0.15859375 0.09140625
6 0.4140625 0.45078125 0.146875 0.09765625
7 0.696875 0.4296875 0.1640625 0.0953125
7 0.52109375 0.36328125 0.15390625 0.10703125
7 0.540625 0.53984375 0.14921875 0.08828125
5 0.9046875 0.740625 0.07421875 0.0578125
5 0.709375 0.60390625 0.06875 0.05390625
5 0.80625 0.68828125 0.07890625 0.053125
5 0.7515625 0.87578125 0.07734375 0.06015625
4 0.721875 0.68671875 0.07265625 0.0453125
4 0.65625 0.6421875 0.065625 0.04140625
4 0.575 0.61953125 0.075 0.05
2 0.746875 0.76953125 0.06875 0.05625
2 0.6171875 0.7875 0.059375 0.0453125