6 0.1671875 0.40625 0.1046875 0.15625
6 0.3828125 0.39140625 0.1 0.146875
6 0.77890625 0.3859375 0.09375 0.1390625
7 0.271875 0.3890625 0.10625 0.1515625
7 0.53671875 0.3984375 0.096875 0.14375
6 0.93125 0.40859375 0.09375 0.140625
7 0.63515625 0.40234375 0.09375 0.146875
3 0.16484375 0.4 0.05 0.071875
3 0.38046875 0.38828125 0.0453125 0.065625
5 0.534375 0.39765625 0.0484375 0.05625
5 0.2640625 0.371875 0.053125 0.078125
1 0.63671875 0.415625 0.046875 0.05625
0 0.771875 0.38046875 0.034375 0.0359375
3 0.71875 0.48203125 0.04375 0.065625
2 0.928125 0.41171875 0.0546875 0.046875