6 0.615625 0.1453125 0.14921875 0.10234375
6 0.615625 0.3703125 0.153125 0.09921875
6 0.63203125 0.7828125 0.14609375 0.0953125
7 0.6140625 0.2578125 0.15078125 0.1015625
7 0.61875 0.628125 0.14375 0.0984375
6 0.62109375 0.903125 0.14921875 0.1015625
7 0.60078125 0.52109375 0.14609375 0.096875
5 0.61484375 0.14921875 0.0625 0.04296875
2 0.59609375 0.5234375 0.075 0.04140625
0 0.61796875 0.3671875 0.0640625 0.04140625
3 0.6171875 0.2546875 0.06640625 0.04375
1 0.61328125 0.625 0.06484375 0.0421875
2 0.6265625 0.89921875 0.06796875 0.04375
4 0.63515625 0.77578125 0.059375 0.03828125
1 0.43984375 0.803125 0.06484375 0.03125
3 0.390625 0.871875 0.0546875 0.03984375