6 0.80078125 0.596875 0.11875 0.171875
7 0.5625 0.609375 0.1125 0.1703125
6 0.13203125 0.58984375 0.1109375 0.159375
7 0.6765625 0.66015625 0.11875 0.171875
7 0.45234375 0.57578125 0.115625 0.1734375
6 0.03828125 0.62578125 0.0765625 0.1703125
6 0.28984375 0.61953125 0.109375 0.165625
0 0.7953125 0.603125 0.04375 0.065625
1 0.5625 0.625 0.05 0.071875
1 0.453125 0.5671875 0.0484375 0.0671875
5 0.6734375 0.6484375 0.046875 0.0671875
3 0.29296875 0.628125 0.04375 0.0671875
0 0.12890625 0.59296875 0.0421875 0.0671875
4 0.19921875 0.50859375 0.05625 0.0765625
2 0.02265625 0.6203125 0.04375 0.0640625