7 0.2015625 0.34375 0.103125 0.1546875
7 0.43046875 0.36796875 0.1078125 0.1578125
7 0.796875 0.36171875 0.103125 0.15625
7 0.9859375 0.3171875 0.028125 0.15625
6 0.309375 0.34609375 0.109375 0.1625
6 0.54609375 0.31484375 0.10625 0.1546875
6 0.6953125 0.31328125 0.0921875 0.1546875
6 0.909375 0.31328125 0.109375 0.1625
2 0.20546875 0.3453125 0.040625 0.065625
4 0.3171875 0.3453125 0.04375 0.08125
3 0.4296875 0.36171875 0.04375 0.06875
0 0.54296875 0.32578125 0.0375 0.05625
4 0.6984375 0.31484375 0.0453125 0.06875
5 0.7640625 0.24453125 0.040625 0.075
1 0.7921875 0.35546875 0.0375 0.065625
3 0.915625 0.31015625 0.040625 0.0625