6 0.80703125 0.47265625 0.165625 0.1
6 0.7046875 0.6890625 0.1609375 0.09375
6 0.41171875 0.55625 0.15 0.1
7 0.69921875 0.57734375 0.165625 0.096875
7 0.5203125 0.64453125 0.15625 0.109375
7 0.540625 0.465625 0.1515625 0.090625
5 0.9109375 0.26171875 0.075 0.059375
5 0.7125 0.4 0.06875 0.0546875
5 0.8109375 0.31484375 0.0796875 0.053125
5 0.75546875 0.12421875 0.078125 0.0609375
4 0.725 0.31640625 0.075 0.046875
4 0.6578125 0.36171875 0.0671875 0.0421875
4 0.57578125 0.38515625 0.0765625 0.05
2 0.75 0.23203125 0.06875 0.05625
2 0.61875 0.2140625 0.059375 0.046875