1 0.7513186593750001 0.8300707468749999 0.6878594765625 0.8353499078125 0.7005513624999999 0.8744157781249999 0.7554874218750001 0.8673393125000001 0.7513186593750001 0.8300707468749999
1 0.662475828125 0.9208723203125 0.7180026125000001 0.8986998249999999 0.6880508468750001 0.8660187484374999 0.635505725 0.8881415046875001 0.662475828125 0.9208723203125
2 0.8277444515625 0.8488461546874999 0.8475626609375 0.8145537328125 0.7993870281250001 0.7965557359375001 0.7712625859375 0.8323594156249999 0.8277444515625 0.8488461546874999
2 0.74252616875 0.9246852015625 0.8029716890625 0.906220009375 0.773371309375 0.8674902921875001 0.7236988546875 0.881160171875 0.74252616875 0.9246852015625
0 0.661271540625 0.9776680296875 0.68802609375 0.9427161234374999 0.6370985 0.9219284406250001 0.6057804953125 0.956565 0.661271540625 0.9776680296875
0 0.744553075 1 0.76135348125 0.9664570421875001 0.7009079593750001 0.95524605625 0.6830715406250001 0.99679263125 0.7033816484375001 1 0.744553075 1
7 0.753125 0.33671875 0.153125 0.1015625
7 0.7421875 0.5328125 0.15703125 0.10234375
7 0.59453125 0.71484375 0.14609375 0.10078125
7 0.58984375 0.84296875 0.1546875 0.10078125
6 0.69375 0.43515625 0.15078125 0.09765625
6 0.59296875 0.5671875 0.1484375 0.10234375
6 0.78515625 0.6828125 0.153125 0.0984375
6 0.7234375 0.7765625 0.15390625 0.1