7 0.34453125 0.6734375 0.1609375 0.109375
7 0.396875 0.4734375 0.1546875 0.103125
6 0.325 0.209375 0.1515625 0.1046875
7 0.384375 0.01484375 0.1609375 0.028125
6 0.34921875 0.57109375 0.15 0.1
7 0.31171875 0.384375 0.159375 0.1
6 0.3671875 0.0796875 0.1546875 0.103125
6 0.4015625 0.30234375 0.159375 0.1
1 0.33515625 0.6703125 0.0671875 0.04375
3 0.39375 0.46953125 0.071875 0.05
3 0.3234375 0.3859375 0.053125 0.0359375
3 0.35234375 0.56640625 0.06875 0.04375
4 0.45078125 0.37421875 0.0625 0.0484375
5 0.3125 0.209375 0.0625 0.040625
3 0.39609375 0.303125 0.075 0.040625
3 0.36328125 0.0765625 0.065625 0.04375