6 0.7328125 0.24453125 0.16328125 0.115625
6 0.590625 0.296875 0.14140625 0.08984375
6 0.50234375 0.4984375 0.15625 0.103125
6 0.6296875 0.67421875 0.13203125 0.07109375
7 0.70234375 0.390625 0.14765625 0.08046875
7 0.4578125 0.38828125 0.15625 0.09453125
7 0.66875 0.50234375 0.16171875 0.10546875
7 0.50078125 0.6 0.1203125 0.0890625
5 0.64921875 0.91875 0.07578125 0.0453125
5 0.68515625 0.85859375 0.0515625 0.040625
4 0.58984375 0.80234375 0.0734375 0.05078125
0 0.70078125 0.74765625 0.059375 0.03984375
0 0.73359375 0.7015625 0.0609375 0.03984375
1 0.76875 0.9234375 0.07734375 0.0546875
1 0.725 0.62734375 0.0734375 0.04765625
2 0.7375 0.8078125 0.071875 0.04765625