6 0.6421875 0.24375 0.15234375 0.10625
7 0.6703125 0.45390625 0.15546875 0.10625
6 0.63828125 0.83671875 0.15 0.1046875
7 0.70078125 0.34453125 0.15859375 0.109375
7 0.628125 0.5625 0.1578125 0.10703125
6 0.65078125 0.94140625 0.153125 0.10078125
6 0.68671875 0.6765625 0.15390625 0.10078125
0 0.63828125 0.24375 0.0640625 0.04296875
5 0.6828125 0.45625 0.06796875 0.0484375
3 0.621875 0.56171875 0.0640625 0.046875
3 0.70546875 0.3453125 0.06484375 0.04453125
3 0.69140625 0.67421875 0.0640625 0.04296875
3 0.64140625 0.83671875 0.06484375 0.040625
0 0.62109375 0.73671875 0.07421875 0.04609375
1 0.65 0.946875 0.0625 0.04140625