6 0.6234375 0.25625 0.15234375 0.10625
7 0.65546875 0.459375 0.15546875 0.10625
6 0.63828125 0.83671875 0.15 0.1046875
7 0.6875 0.3546875 0.15859375 0.109375
7 0.61484375 0.5671875 0.1578125 0.10703125
6 0.6375 0.9453125 0.153125 0.10078125
6 0.6796875 0.6828125 0.15390625 0.10078125
0 0.6171875 0.2546875 0.0640625 0.04296875
5 0.66796875 0.46328125 0.06796875 0.0484375
3 0.6125 0.56953125 0.0640625 0.046875
3 0.6890625 0.35390625 0.06484375 0.04453125
3 0.678125 0.68046875 0.0640625 0.04296875
3 0.6265625 0.840625 0.06484375 0.040625
0 0.60625 0.74140625 0.07421875 0.04609375
1 0.63515625 0.94921875 0.0625 0.04140625