6 0.65625 0.125 0.17578125 0.12421875
7 0.621875 0.41484375 0.184375 0.12421875
6 0.65078125 0.86953125 0.190625 0.12109375
7 0.671875 0.25703125 0.1921875 0.13203125
7 0.646875 0.54296875 0.19140625 0.12109375
6 0.64765625 0.97265625 0.1734375 0.0546875
6 0.6265625 0.7 0.184375 0.11953125
3 0.67109375 0.1328125 0.0828125 0.0515625
5 0.640625 0.43046875 0.090625 0.0515625
1 0.634375 0.5390625 0.0640625 0.046875
4 0.6609375 0.2546875 0.0703125 0.05546875
3 0.64609375 0.70078125 0.0828125 0.059375
0 0.66015625 0.87421875 0.06484375 0.040625
4 0.53359375 0.78046875 0.07578125 0.0546875
2 0.66328125 0.9875 0.06484375 0.025