7 0.22890625 0.62265625 0.1125 0.1546875
7 0.4359375 0.59453125 0.1 0.1546875
7 0.7875 0.6109375 0.103125 0.146875
7 0.975 0.6375 0.05 0.159375
6 0.3359375 0.5390625 0.1 0.1546875
6 0.6421875 0.60703125 0.0984375 0.14375
6 0.9 0.59296875 0.1 0.159375
6 0.54140625 0.5796875 0.096875 0.1546875
5 0.22890625 0.634375 0.04375 0.065625
4 0.54296875 0.58984375 0.0421875 0.0671875
3 0.4390625 0.58203125 0.040625 0.065625
0 0.3453125 0.53828125 0.034375 0.0515625
1 0.63828125 0.60703125 0.0421875 0.065625
5 0.73515625 0.71328125 0.046875 0.0765625
3 0.90703125 0.596875 0.04375 0.06875
0 0.78671875 0.61640625 0.0390625 0.059375
2 0.98828125 0.6515625 0.021875 0.0515625