6 0.77890625 0.2578125 0.14921875 0.10234375
6 0.634375 0.31328125 0.15625 0.11796875
6 0.54453125 0.503125 0.1515625 0.1
6 0.66875 0.6734375 0.15546875 0.10078125
7 0.51484375 0.38203125 0.1515625 0.10234375
7 0.7296875 0.39296875 0.1546875 0.1015625
7 0.7 0.503125 0.14609375 0.10078125
7 0.54921875 0.60546875 0.16328125 0.1015625
1 0.76171875 0.63046875 0.06640625 0.053125
1 0.7953125 0.9265625 0.07265625 0.04453125
0 0.771875 0.70859375 0.065625 0.0484375
0 0.7328125 0.7546875 0.0578125 0.03671875
2 0.76171875 0.8140625 0.06640625 0.046875
4 0.6234375 0.809375 0.08359375 0.046875
5 0.6828125 0.92265625 0.08046875 0.04765625
5 0.71796875 0.86328125 0.06015625 0.03671875