6 0.22109375 0.7421875 0.15 0.103125
6 0.365625 0.68671875 0.15625 0.11875
6 0.45546875 0.496875 0.1515625 0.1
6 0.33125 0.3265625 0.15625 0.1
7 0.48515625 0.61796875 0.1515625 0.103125
7 0.2703125 0.60703125 0.1546875 0.1015625
7 0.3 0.496875 0.146875 0.1
7 0.45078125 0.39453125 0.1625 0.1015625
1 0.23828125 0.36953125 0.065625 0.053125
1 0.2046875 0.0734375 0.071875 0.04375
0 0.228125 0.29140625 0.065625 0.0484375
0 0.2671875 0.2453125 0.0578125 0.0375
2 0.23828125 0.1859375 0.065625 0.046875
4 0.3765625 0.190625 0.084375 0.046875
5 0.3171875 0.07734375 0.08125 0.046875
5 0.28203125 0.13671875 0.059375 0.0375