6 0.60390625 0.225 0.16484375 0.1140625
7 0.61171875 0.4515625 0.1640625 0.1078125
6 0.58984375 0.859375 0.15390625 0.10703125
7 0.6578125 0.34765625 0.1640625 0.11484375
7 0.58125 0.55625 0.1671875 0.1109375
6 0.61953125 0.9578125 0.1640625 0.084375
6 0.62265625 0.70859375 0.16015625 0.1046875
0 0.6046875 0.228125 0.0640625 0.04296875
1 0.621875 0.4515625 0.06796875 0.0484375
1 0.56875 0.55390625 0.0640625 0.046875
5 0.65078125 0.34296875 0.06484375 0.04453125
3 0.63203125 0.70390625 0.0640625 0.04296875
0 0.59765625 0.86171875 0.06484375 0.040625
4 0.5140625 0.79765625 0.07421875 0.0546875
2 0.6265625 0.9640625 0.0625 0.04140625