4 0.5296875 0.38671875 0.13046875 0.0703125
1 0.7 0.39765625 0.13125 0.078125
1 0.475 0.56328125 0.11953125 0.07421875
0 0.33203125 0.61171875 0.13828125 0.0890625
0 0.9390625 0.54296875 0.12109375 0.0890625
1 0.52890625 0.76640625 0.11171875 0.075
5 0.69609375 0.58203125 0.16640625 0.078125
5 0.7828125 0.675 0.1390625 0.0875
5 0.32109375 0.7765625 0.15390625 0.09296875
3 0.56796875 0.66640625 0.1296875 0.08203125
3 0.67578125 0.73984375 0.109375 0.0796875
4 0.4140625 0.7015625 0.16015625 0.08828125