6 0.59765625 0.21328125 0.16875 0.115625
7 0.60546875 0.4453125 0.1671875 0.109375
6 0.5828125 0.8609375 0.15625 0.109375
7 0.653125 0.3390625 0.16875 0.1171875
7 0.57421875 0.5515625 0.171875 0.1125
6 0.61484375 0.96015625 0.16875 0.0796875
6 0.6171875 0.7078125 0.1640625 0.10625
0 0.5984375 0.2171875 0.065625 0.04375
1 0.61640625 0.4453125 0.06875 0.05
1 0.5609375 0.54921875 0.065625 0.046875
5 0.64609375 0.334375 0.065625 0.0453125
3 0.62578125 0.703125 0.065625 0.04375
0 0.590625 0.8640625 0.065625 0.040625
4 0.50546875 0.7984375 0.075 0.05625
2 0.6203125 0.96875 0.0640625 0.0421875