1 0.1123379328125 0.737359359375 0.119803215625 0.7953978687500001 0.1591195046875 0.7909936796875 0.15355028125 0.723950715625 0.1123379328125 0.737359359375
1 0.1211963390625 0.724152890625 0.0978580453125 0.6686403453125 0.063328834375 0.697133553125 0.0867195984375 0.7557961484375 0.1211963390625 0.724152890625
2 0.1944760015625 0.841776653125 0.15670508593750002 0.8120639171875 0.13931248125 0.8717355296875 0.1754891015625 0.8926729484375 0.1944760015625 0.841776653125
2 0.11964394062499999 0.8142917265625 0.10522296874999999 0.761814078125 0.059306454687499996 0.78170464375 0.0787862171875 0.8455637546875 0.11964394062499999 0.8142917265625
0 0.062214684374999996 0.6703230703124999 0.02567501875 0.6372364187499999 0.0034124812499999996 0.69586125625 0.040284821875 0.724126740625 0.062214684374999996 0.6703230703124999
0 0 0.7939512734374999 0.01523945625 0.80159520625 0.027066432812500003 0.7377360953125 0 0.726099328125 0 0.7939512734374999
7 0.6796875 0.79296875 0.10625 0.1625
7 0.4734375 0.78125 0.1078125 0.165625
7 0.28046875 0.625 0.10625 0.153125
7 0.1453125 0.6203125 0.10625 0.1625
6 0.57578125 0.73046875 0.103125 0.159375
6 0.43671875 0.62421875 0.1078125 0.15625
6 0.31484375 0.82734375 0.103125 0.1625
6 0.215625 0.76171875 0.10625 0.1625