6 0.765625 0.34453125 0.1125 0.159375
7 0.55859375 0.30859375 0.1125 0.1625
6 0.171875 0.31796875 0.109375 0.1578125
7 0.66640625 0.27890625 0.115625 0.165625
7 0.45 0.34453125 0.1125 0.165625
6 0.0625 0.3125 0.10625 0.159375
6 0.3265625 0.27265625 0.10625 0.1625
0 0.76796875 0.35078125 0.04375 0.0671875
5 0.5546875 0.29765625 0.05 0.071875
3 0.4484375 0.35546875 0.05 0.06875
3 0.6625 0.27578125 0.046875 0.06875
3 0.33046875 0.28046875 0.0453125 0.06875
3 0.16875 0.3265625 0.04375 0.06875
0 0.26796875 0.35234375 0.0484375 0.078125
1 0.0546875 0.31953125 0.04375 0.065625