6 0.12421875 0.61015625 0.10625 0.1546875
6 0.3578125 0.61015625 0.103125 0.159375
6 0.7859375 0.62734375 0.0984375 0.1515625
7 0.24140625 0.6078125 0.10625 0.15625
7 0.62578125 0.61328125 0.1015625 0.15
6 0.9109375 0.615625 0.10625 0.15625
7 0.51484375 0.59453125 0.1 0.1515625
5 0.12890625 0.609375 0.04375 0.065625
2 0.5171875 0.5890625 0.04375 0.078125
0 0.3546875 0.6125 0.04375 0.0671875
3 0.23828125 0.61171875 0.0453125 0.06875
1 0.621875 0.60703125 0.04375 0.0671875
2 0.90703125 0.62109375 0.0453125 0.0703125
4 0.77890625 0.6296875 0.040625 0.0625
1 0.8078125 0.42734375 0.0328125 0.0671875
3 0.87890625 0.3765625 0.040625 0.05625