6 0.2625 0.725 0.1125 0.159375
7 0.47109375 0.753125 0.1125 0.1625
6 0.86171875 0.709375 0.109375 0.1578125
7 0.36484375 0.78671875 0.1078125 0.16875
7 0.58046875 0.709375 0.1046875 0.16875
6 0.96015625 0.71875 0.078125 0.159375
6 0.7 0.77421875 0.1 0.1609375
0 0.25625 0.7171875 0.04375 0.0671875
5 0.478125 0.76171875 0.05 0.071875
3 0.58203125 0.70234375 0.04375 0.0625
3 0.3640625 0.7859375 0.04375 0.06875
3 0.7 0.76875 0.0453125 0.06875
3 0.865625 0.72109375 0.04375 0.06875
0 0.76171875 0.6953125 0.0484375 0.078125
1 0.9765625 0.71328125 0.04375 0.065625