7 0.28203125 0.33125 0.121875 0.159375
7 0.49296875 0.3671875 0.103125 0.159375
7 0.8453125 0.3484375 0.10625 0.1515625
6 0.39140625 0.41875 0.1015625 0.15625
6 0.69921875 0.3546875 0.1015625 0.1484375
6 0.953125 0.375 0.09375 0.1625
6 0.59609375 0.3828125 0.1 0.159375
5 0.284375 0.32578125 0.04375 0.065625
4 0.59375 0.37421875 0.04375 0.06875
3 0.49453125 0.375 0.04375 0.065625
0 0.39609375 0.41953125 0.0359375 0.053125
1 0.6921875 0.3546875 0.04375 0.0671875
5 0.790625 0.24921875 0.046875 0.078125
3 0.96171875 0.3625 0.0453125 0.0703125
0 0.840625 0.3421875 0.040625 0.0609375