6 0.77421875 0.29140625 0.109375 0.15625
7 0.559375 0.26484375 0.109375 0.1609375
6 0.1671875 0.28671875 0.1078125 0.1546875
7 0.67265625 0.22890625 0.10625 0.165625
7 0.45 0.3 0.109375 0.171875
6 0.06015625 0.27890625 0.103125 0.1578125
6 0.33046875 0.234375 0.1046875 0.159375
0 0.7765625 0.29921875 0.04375 0.065625
5 0.5546875 0.2515625 0.05 0.0703125
3 0.44921875 0.30703125 0.0484375 0.065625
3 0.67421875 0.22578125 0.0453125 0.0671875
3 0.33203125 0.23671875 0.04375 0.065625
3 0.16796875 0.2875 0.0421875 0.0671875
0 0.26875 0.31484375 0.046875 0.0765625
1 0.053125 0.278125 0.04375 0.065625