6 0.84609375 0.378125 0.103125 0.146875
6 0.61953125 0.359375 0.1015625 0.1515625
6 0.21640625 0.35625 0.096875 0.14375
7 0.74140625 0.3546875 0.1 0.153125
7 0.46015625 0.365625 0.0984375 0.1515625
6 0.059375 0.37734375 0.096875 0.14375
7 0.36171875 0.3734375 0.096875 0.153125
3 0.8421875 0.365625 0.05 0.075
3 0.6234375 0.3515625 0.046875 0.0671875
5 0.46640625 0.3671875 0.040625 0.0625
5 0.74609375 0.346875 0.053125 0.071875
1 0.36171875 0.3796875 0.040625 0.053125
0 0.21796875 0.346875 0.034375 0.0375
3 0.275 0.4515625 0.04375 0.06875
2 0.0609375 0.375 0.053125 0.05