7 0.67421875 0.65078125 0.109375 0.159375
7 0.47578125 0.5984375 0.103125 0.153125
6 0.2125 0.6703125 0.103125 0.15
7 0.0171875 0.61015625 0.034375 0.1609375
6 0.57265625 0.64609375 0.0984375 0.15
7 0.3875 0.6828125 0.1 0.159375
6 0.08359375 0.628125 0.103125 0.1546875
6 0.30546875 0.59375 0.1 0.1578125
1 0.67109375 0.66015625 0.04375 0.065625
3 0.47109375 0.6015625 0.05 0.071875
3 0.38828125 0.67109375 0.0359375 0.053125
3 0.56796875 0.64296875 0.04375 0.0671875
4 0.37578125 0.54921875 0.05 0.0703125
5 0.2125 0.68515625 0.0421875 0.0671875
3 0.30859375 0.5984375 0.0484375 0.0765625
3 0.08046875 0.634375 0.04375 0.065625