6 0.109375 0.7 0.134375 0.196875
7 0.39921875 0.6546875 0.13125 0.2
6 0.86875 0.68359375 0.128125 0.190625
7 0.24296875 0.70234375 0.13125 0.196875
7 0.53046875 0.67421875 0.128125 0.196875
6 0.9734375 0.68125 0.053125 0.1953125
6 0.690625 0.65546875 0.125 0.196875
3 0.1046875 0.703125 0.0578125 0.08125
5 0.40703125 0.6609375 0.05 0.078125
1 0.5203125 0.659375 0.059375 0.0484375
4 0.234375 0.68359375 0.0546875 0.078125
3 0.69140625 0.6734375 0.0515625 0.075
0 0.8640625 0.68984375 0.034375 0.0359375
4 0.77421875 0.559375 0.0578125 0.08125
2 0.98515625 0.6890625 0.0296875 0.046875