7 0.18984375 0.3453125 0.1125 0.18125
6 0.3078125 0.321875 0.115625 0.165625
4 0.3015625 0.3171875 0.046875 0.06875
7 0.425 0.31328125 0.11875 0.178125
7 0.81875 0.35625 0.11875 0.175
6 0.5734375 0.3625 0.1125 0.165625
6 0.93984375 0.37109375 0.1125 0.178125
6 0.6859375 0.3296875 0.1140625 0.1625
2 0.1984375 0.33203125 0.04375 0.0671875
2 0.421875 0.30625 0.05 0.071875
0 0.5765625 0.36640625 0.0390625 0.053125
2 0.68359375 0.31484375 0.0453125 0.06875
3 0.825 0.3546875 0.04375 0.06875
1 0.93671875 0.3640625 0.04375 0.065625
5 0.7984375 0.23125 0.040625 0.0625