6 0.840625 0.59921875 0.0984375 0.1609375
7 0.61953125 0.609375 0.1015625 0.1390625
6 0.228125 0.61796875 0.0890625 0.1421875
7 0.7421875 0.61171875 0.09375 0.15
7 0.4640625 0.61015625 0.096875 0.1375
6 0.075 0.5953125 0.09375 0.1375
7 0.36484375 0.60234375 0.09375 0.146875
3 0.83671875 0.603125 0.0484375 0.075
3 0.625 0.61953125 0.04375 0.0671875
5 0.46875 0.60625 0.0421875 0.0625
4 0.74453125 0.6234375 0.04375 0.0625
1 0.3671875 0.590625 0.04375 0.05625
0 0.23125 0.62734375 0.034375 0.034375
3 0.28203125 0.52421875 0.0390625 0.0625
2 0.0765625 0.60234375 0.0421875 0.04375