7 0.615625 0.203125 0.15234375 0.10703125
7 0.5890625 0.4109375 0.153125 0.09921875
7 0.609375 0.75703125 0.14609375 0.10390625
7 0.6515625 0.96015625 0.1578125 0.0796875
6 0.5328125 0.309375 0.15078125 0.1015625
6 0.60390625 0.6125 0.14375 0.0984375
6 0.5953125 0.86875 0.16015625 0.1015625
6 0.5796875 0.5109375 0.15390625 0.096875
5 0.62421875 0.20625 0.0625 0.04296875
4 0.58671875 0.51015625 0.075 0.04140625
3 0.58125 0.4078125 0.0640625 0.04140625
0 0.53515625 0.31953125 0.0515625 0.034375
1 0.60625 0.60546875 0.06484375 0.0421875
5 0.71796875 0.69921875 0.06875 0.0421875
3 0.6015625 0.875 0.06796875 0.04375
0 0.61796875 0.7546875 0.059375 0.03828125
2 0.66171875 0.96953125 0.05078125 0.04375