6 0.4203125 0.7609375 0.1765625 0.121875
7 0.41171875 0.51796875 0.175 0.115625
6 0.43515625 0.08046875 0.165625 0.115625
7 0.36171875 0.62890625 0.1765625 0.121875
7 0.44453125 0.40546875 0.1796875 0.11875
6 0.40234375 0.009375 0.1765625 0.01875
6 0.39921875 0.2421875 0.171875 0.1125
0 0.41875 0.75703125 0.06875 0.046875
1 0.4 0.5171875 0.0734375 0.053125
1 0.4578125 0.4078125 0.06875 0.05
5 0.36953125 0.634375 0.06875 0.046875
3 0.38984375 0.246875 0.06875 0.046875
0 0.4265625 0.07734375 0.06875 0.04375
4 0.51640625 0.146875 0.0796875 0.059375