5 0.1407114953125 0.197078178125 0.11406492812499999 0.2509557609375 0.1590310015625 0.2847859640625 0.177283228125 0.231057146875 0.1407114953125 0.197078178125
7 0.75390625 0.346875 0.1109375 0.171875
2 0.74375 0.33828125 0.053125 0.0625
6 0.63828125 0.328125 0.1125 0.165625
6 0.37109375 0.36796875 0.1125 0.16875
6 0.2578125 0.3328125 0.109375 0.1765625
6 0.03359375 0.38515625 0.065625 0.165625
7 0.5203125 0.31640625 0.11875 0.1734375
7 0.12578125 0.36875 0.1203125 0.16875
4 0.64296875 0.31640625 0.046875 0.075
2 0.5265625 0.3140625 0.04375 0.075
0 0.3703125 0.3765625 0.0421875 0.05625
2 0.26640625 0.328125 0.046875 0.06875
3 0.11796875 0.36796875 0.05 0.075
1 0.0171875 0.38515625 0.034375 0.0609375