7 0.29375 0.70078125 0.165625 0.1125
7 0.34765625 0.49296875 0.159375 0.10625
6 0.28046875 0.2234375 0.1578125 0.103125
7 0.34140625 0.0171875 0.165625 0.034375
6 0.30234375 0.59609375 0.1546875 0.1015625
7 0.26953125 0.403125 0.1640625 0.103125
6 0.32265625 0.090625 0.159375 0.10625
6 0.3578125 0.315625 0.1625 0.103125
1 0.28515625 0.69453125 0.06875 0.046875
4 0.340625 0.00234375 0.071875 0.0046875
3 0.3515625 0.49140625 0.0734375 0.053125
3 0.27421875 0.40390625 0.05625 0.0375
3 0.30859375 0.58984375 0.06875 0.0453125
4 0.40625 0.38984375 0.065625 0.05
5 0.26484375 0.21875 0.0640625 0.0421875
3 0.35859375 0.321875 0.078125 0.0421875
3 0.31640625 0.0859375 0.0671875 0.04375