6 0.58203125 0.2453125 0.16484375 0.1140625
7 0.60078125 0.46484375 0.1640625 0.1078125
6 0.58984375 0.86171875 0.15390625 0.10703125
7 0.64453125 0.3625 0.1640625 0.11484375
7 0.56796875 0.5703125 0.1671875 0.1109375
6 0.61953125 0.95703125 0.1640625 0.0859375
6 0.61640625 0.7125 0.16015625 0.1046875
0 0.58515625 0.2546875 0.0640625 0.04296875
1 0.6109375 0.46640625 0.06796875 0.0484375
1 0.5640625 0.5640625 0.0640625 0.046875
5 0.63828125 0.36171875 0.06484375 0.04453125
3 0.62734375 0.7125 0.0640625 0.04296875
0 0.59296875 0.86875 0.06484375 0.040625
4 0.51171875 0.8015625 0.07421875 0.0546875
2 0.6265625 0.9640625 0.0625 0.04140625