7 0.65390625 0.6796875 0.1125 0.165625
7 0.4484375 0.63203125 0.10625 0.159375
6 0.17578125 0.70625 0.103125 0.1515625
6 0.54921875 0.67734375 0.1015625 0.1546875
7 0.3609375 0.709375 0.103125 0.15625
6 0.05234375 0.6625 0.103125 0.159375
6 0.275 0.62578125 0.103125 0.1625
1 0.6515625 0.6859375 0.046875 0.06875
3 0.4484375 0.63125 0.053125 0.0734375
3 0.3609375 0.69921875 0.0375 0.05625
3 0.54453125 0.67265625 0.0453125 0.06875
4 0.34765625 0.57265625 0.0515625 0.071875
5 0.18046875 0.715625 0.04375 0.06875
3 0.28046875 0.62578125 0.05 0.0796875
3 0.04296875 0.6671875 0.04375 0.0671875