7 0.21796875 0.70390625 0.165625 0.125
7 0.2640625 0.49375 0.1640625 0.10625
7 0.278125 0.13671875 0.15625 0.109375
6 0.3125 0.59375 0.1625 0.10625
6 0.26953125 0.28671875 0.153125 0.1046875
6 0.30546875 0.03828125 0.16875 0.075
6 0.28984375 0.3921875 0.1640625 0.103125
5 0.2046875 0.7015625 0.06875 0.0453125
4 0.28125 0.39453125 0.071875 0.04375
3 0.278125 0.4953125 0.06875 0.04375
0 0.31640625 0.58984375 0.0546875 0.0375
1 0.27265625 0.29296875 0.06875 0.04375
5 0.16796875 0.18984375 0.08125 0.05
3 0.3046875 0.01953125 0.0734375 0.0390625
0 0.27109375 0.14140625 0.0625 0.040625