7 0.30859375 0.68046875 0.1125 0.159375
7 0.5109375 0.63515625 0.1125 0.1625
6 0.7734375 0.70546875 0.10625 0.159375
7 0.978125 0.64453125 0.04375 0.159375
6 0.409375 0.6859375 0.1015625 0.1609375
7 0.596875 0.715625 0.1015625 0.159375
6 0.89921875 0.65859375 0.103125 0.165625
6 0.68046875 0.625 0.10625 0.1625
1 0.3125 0.69609375 0.04375 0.0671875
4 0.99375 0.640625 0.0125 0.078125
3 0.51015625 0.6328125 0.05 0.071875
3 0.59765625 0.70859375 0.040625 0.059375
3 0.41640625 0.67578125 0.04375 0.06875
4 0.60859375 0.57734375 0.0453125 0.06875
5 0.7734375 0.71171875 0.04375 0.06875
3 0.678125 0.63203125 0.0484375 0.078125
3 0.90859375 0.6609375 0.04375 0.065625