6 0.57421875 0.2828125 0.153125 0.10546875
6 0.6796875 0.4796875 0.15390625 0.09921875
6 0.74296875 0.68203125 0.14921875 0.09375
6 0.39453125 0.56953125 0.1609375 0.10078125
7 0.6359375 0.3796875 0.153125 0.1015625
7 0.5125 0.50390625 0.15859375 0.1078125
7 0.6625 0.58125 0.16171875 0.0953125
7 0.496875 0.6640625 0.15625 0.10078125
5 0.79921875 0.8859375 0.07421875 0.0578125
5 0.7171875 0.8296875 0.0625 0.040625
5 0.64609375 0.734375 0.06015625 0.04375
4 0.64375 0.821875 0.0640625 0.04921875
4 0.58828125 0.771875 0.059375 0.04375
4 0.5171875 0.74375 0.0765625 0.04296875
5 0.64375 0.984375 0.078125 0.03125
2 0.6484375 0.90078125 0.07421875 0.0453125
2 0.52265625 0.903125 0.0578125 0.034375