7 0.6625 0.2734375 0.15390625 0.11796875
7 0.628125 0.47734375 0.153125 0.09921875
7 0.64609375 0.81875 0.146875 0.10234375
7 0.671875 0.9875 0.1578125 0.02421875
6 0.57734375 0.37890625 0.1515625 0.0984375
6 0.63984375 0.67734375 0.14375 0.0984375
6 0.6203125 0.92734375 0.15859375 0.0984375
6 0.6125 0.57734375 0.15390625 0.096875
5 0.66796875 0.27578125 0.0640625 0.04296875
4 0.62109375 0.575 0.06640625 0.04140625
3 0.6203125 0.47890625 0.0640625 0.04140625
0 0.57734375 0.38359375 0.0515625 0.034375
1 0.640625 0.6703125 0.06484375 0.0421875
5 0.74140625 0.765625 0.07578125 0.04609375
3 0.63203125 0.93203125 0.06796875 0.04375
0 0.65234375 0.81484375 0.059375 0.03828125