7 0.803125 0.62734375 0.1125 0.1609375
7 0.584375 0.59765625 0.1046875 0.1625
7 0.21953125 0.60390625 0.109375 0.1546875
7 0.02265625 0.63828125 0.04375 0.1671875
6 0.69140625 0.540625 0.10625 0.159375
6 0.37109375 0.60390625 0.103125 0.1515625
6 0.1015625 0.58984375 0.1078125 0.16875
6 0.478125 0.58203125 0.1015625 0.1625
5 0.803125 0.640625 0.0453125 0.065625
4 0.48046875 0.58671875 0.04375 0.065625
3 0.584375 0.58515625 0.04375 0.06875
0 0.6828125 0.5328125 0.0375 0.053125
1 0.378125 0.60703125 0.04375 0.06875
5 0.2796875 0.7140625 0.0484375 0.08125
3 0.0921875 0.59453125 0.046875 0.071875
0 0.2234375 0.61953125 0.040625 0.0625
2 0.0109375 0.65078125 0.021875 0.053125