5 0.8331686109374999 0.8038543734375001 0.8588436890625 0.7520138828125 0.815517003125 0.7194627875 0.7979302234375 0.7711601375 0.8331686109374999 0.8038543734375001
7 0.2421875 0.659375 0.10625 0.165625
2 0.2515625 0.66796875 0.05 0.059375
6 0.353125 0.67734375 0.109375 0.159375
6 0.61171875 0.6390625 0.109375 0.1625
6 0.7203125 0.6734375 0.1046875 0.16875
6 0.95234375 0.62265625 0.0953125 0.1609375
7 0.46796875 0.6890625 0.115625 0.1671875
7 0.84765625 0.6390625 0.115625 0.1609375
4 0.34921875 0.6890625 0.04375 0.071875
2 0.46171875 0.690625 0.0421875 0.071875
0 0.61171875 0.63125 0.040625 0.053125
2 0.71171875 0.67734375 0.0453125 0.065625
3 0.8546875 0.63984375 0.046875 0.071875
1 0.96015625 0.62265625 0.046875 0.059375