7 0.5890625 0.33671875 0.15546875 0.1109375
7 0.6109375 0.56015625 0.14765625 0.0984375
7 0.67421875 0.87109375 0.15 0.10625
6 0.53046875 0.46328125 0.15 0.103125
6 0.634375 0.7703125 0.15625 0.103125
6 0.5765625 0.9515625 0.1484375 0.09609375
6 0.57890625 0.66015625 0.1421875 0.09609375
5 0.59765625 0.32890625 0.0640625 0.04296875
3 0.615625 0.5625 0.06796875 0.0484375
0 0.5921875 0.65703125 0.0515625 0.034375
1 0.5234375 0.46171875 0.06484375 0.0421875
2 0.63984375 0.7640625 0.07578125 0.04609375
5 0.6671875 0.8640625 0.06796875 0.04375
1 0.759375 0.81640625 0.071875 0.0375
0 0.58828125 0.953125 0.05078125 0.04375