7 0.3328125 0.59375 0.1140625 0.159375
7 0.5625 0.615625 0.1 0.153125
7 0.88203125 0.68046875 0.109375 0.1546875
6 0.4625 0.5328125 0.10625 0.153125
6 0.778125 0.640625 0.10625 0.159375
6 0.95703125 0.58046875 0.0859375 0.153125
6 0.66484375 0.58359375 0.1 0.146875
5 0.325 0.60234375 0.04375 0.065625
3 0.56484375 0.62109375 0.05 0.0703125
0 0.6625 0.59609375 0.034375 0.053125
1 0.46171875 0.5265625 0.04375 0.065625
2 0.771875 0.64609375 0.046875 0.078125
5 0.875 0.67421875 0.0453125 0.0703125
1 0.825 0.76875 0.0375 0.0734375
0 0.965625 0.59296875 0.04375 0.0515625