6 0.7953125 0.37734375 0.115625 0.15625
7 0.56796875 0.3625 0.109375 0.165625
6 0.15234375 0.384375 0.1078125 0.1546875
7 0.67734375 0.31796875 0.115625 0.165625
7 0.46171875 0.41015625 0.1125 0.16875
6 0.046875 0.36328125 0.09375 0.165625
6 0.30546875 0.35625 0.10625 0.159375
0 0.79140625 0.3734375 0.04375 0.065625
1 0.56796875 0.35546875 0.05 0.06875
1 0.4609375 0.4203125 0.046875 0.065625
5 0.67421875 0.32890625 0.04375 0.065625
3 0.30390625 0.3484375 0.04375 0.065625
0 0.146875 0.39140625 0.040625 0.065625
4 0.2140625 0.47734375 0.05 0.075
2 0.04453125 0.36015625 0.040625 0.0625