5 0.7520138828125 0.8588436890625 0.8038543734375001 0.8331686109374999 0.7711601375 0.7979302234375 0.7194627875 0.815517003125 0.7520138828125 0.8588436890625
7 0.659375 0.2421875 0.16640625 0.10703125
2 0.66796875 0.2515625 0.059375 0.05
6 0.67734375 0.353125 0.15859375 0.109375
6 0.6390625 0.61171875 0.16328125 0.10859375
6 0.6734375 0.7203125 0.16953125 0.1046875
6 0.62265625 0.95234375 0.16015625 0.0953125
7 0.6890625 0.46796875 0.1671875 0.115625
7 0.6390625 0.84765625 0.1609375 0.115625
4 0.6890625 0.34921875 0.071875 0.04453125
2 0.690625 0.46171875 0.071875 0.0421875
0 0.63125 0.61171875 0.05390625 0.040625
2 0.67734375 0.71171875 0.06640625 0.0453125
3 0.63984375 0.8546875 0.071875 0.046875
1 0.62265625 0.96015625 0.059375 0.046875