7 0.725 0.33515625 0.1203125 0.15625
7 0.51796875 0.3703125 0.1 0.15625
7 0.1703125 0.35234375 0.1046875 0.15
7 0.00625 0.3265625 0.0125 0.159375
6 0.61796875 0.421875 0.1 0.1546875
6 0.31484375 0.35859375 0.1 0.146875
6 0.0609375 0.378125 0.1 0.1609375
6 0.415625 0.38671875 0.0984375 0.15625
5 0.72265625 0.3296875 0.04375 0.065625
4 0.41796875 0.378125 0.0421875 0.06875
3 0.515625 0.37890625 0.0421875 0.065625
0 0.6125 0.421875 0.034375 0.053125
1 0.321875 0.3578125 0.04375 0.065625
5 0.225 0.2546875 0.046875 0.078125
3 0.05546875 0.36640625 0.04375 0.06875
0 0.175 0.34609375 0.0390625 0.059375