6 0.30390625 0.8609375 0.1953125 0.1328125
7 0.34921875 0.57265625 0.2 0.13125
6 0.31953125 0.10625 0.190625 0.1265625
7 0.3015625 0.728125 0.1953125 0.13125
7 0.3296875 0.4421875 0.1953125 0.1265625
6 0.32265625 0.01484375 0.1953125 0.0296875
6 0.34765625 0.2828125 0.1953125 0.125
3 0.30078125 0.86640625 0.08125 0.05625
5 0.3421875 0.56484375 0.078125 0.05
1 0.34375 0.453125 0.0484375 0.059375
4 0.3203125 0.73671875 0.078125 0.0546875
3 0.3296875 0.2828125 0.075 0.05
0 0.3140625 0.1109375 0.0359375 0.034375
4 0.44375 0.2 0.08125 0.0578125