6 0.75625 0.3046875 0.1078125 0.153125
7 0.54609375 0.27890625 0.1078125 0.15625
6 0.1625 0.30078125 0.10625 0.1515625
7 0.65703125 0.24375 0.103125 0.1625
7 0.43828125 0.3140625 0.1078125 0.16875
6 0.05703125 0.29296875 0.1015625 0.1546875
6 0.321875 0.24921875 0.103125 0.15625
0 0.75859375 0.3125 0.04375 0.065625
5 0.54140625 0.265625 0.05 0.06875
3 0.4375 0.3203125 0.046875 0.065625
3 0.65859375 0.240625 0.04375 0.065625
3 0.3234375 0.2515625 0.04375 0.065625
3 0.1625 0.3015625 0.040625 0.065625
0 0.26171875 0.328125 0.046875 0.075
1 0.05 0.2921875 0.0421875 0.0625