7 0.70546875 0.67421875 0.1125 0.1625
7 0.5015625 0.628125 0.1125 0.165625
6 0.23515625 0.69921875 0.1078125 0.159375
7 0.02578125 0.63671875 0.0515625 0.1609375
6 0.60390625 0.67890625 0.103125 0.1625
7 0.4140625 0.71015625 0.103125 0.1625
6 0.1078125 0.6515625 0.1046875 0.16875
6 0.3296875 0.61875 0.10625 0.1640625
1 0.7015625 0.68984375 0.0453125 0.06875
4 0.01015625 0.6328125 0.0203125 0.078125
3 0.5015625 0.6265625 0.0515625 0.071875
3 0.41328125 0.70234375 0.0421875 0.0609375
3 0.59609375 0.66875 0.04375 0.06875
4 0.40234375 0.56953125 0.0453125 0.06875
5 0.23515625 0.70546875 0.04375 0.06875
3 0.33125 0.625 0.05 0.078125
3 0.0984375 0.65390625 0.04375 0.065625