6 0.96328125 0.63359375 0.071875 0.175
7 0.8609375 0.64921875 0.11875 0.165625
6 0.73203125 0.6859375 0.10625 0.1734375
6 0.61796875 0.653125 0.1109375 0.1625
7 0.46640625 0.69765625 0.1140625 0.16875
6 0.3515625 0.68984375 0.109375 0.165625
7 0.2328125 0.66953125 0.115625 0.1703125
2 0.241774284375 0.726101646875 0.26925352812500003 0.6784889046875 0.2392761765625 0.6321290171875 0.20698030312500001 0.6823843296875001 0.241774284375 0.726101646875
4 0.34198333281250004 0.7448961703125 0.3761242078125 0.6960303859375 0.34614685624999997 0.6459116515625001 0.3111294234375 0.691783153125 0.34198333281250004 0.7448961703125
2 0.4535657234375 0.7574258546875 0.4918701515625 0.7135719625 0.4668890140625 0.6559354359375 0.431942403125 0.6996155046875 0.4535657234375 0.7574258546875
2 0.6954396765624999 0.6745519765625 0.6989499109375 0.680994803125 0.71643663125 0.7323664875 0.75557375 0.701042278125 0.7339234453125 0.6446587015625 0.6954396765624999 0.6745519765625
0 0.6040215171875001 0.6797418546875 0.641493221875 0.6647061765625 0.6331661765625001 0.602057759375 0.5892075734375 0.6181590390625 0.6040215171875001 0.6797418546875
3 0.8452421203125 0.6885125953125 0.8927062843750001 0.6797418546875 0.8885427625 0.61208154375 0.8422899359375 0.6259913921875 0.8452421203125 0.6885125953125
5 0.86439431875 0.8138094312499999 0.8660597328125 0.747402165625 0.81526476875 0.73487248125 0.8141696734374999 0.8077019703125 0.86439431875 0.8138094312499999
1 1 0.6127575765625 0.9626534796874999 0.5957929156249999 0.9443339734375 0.6521764937500001 0.987634615625 0.680994803125 1 0.638928709375 1 0.6127575765625