7 0.75703125 0.31875 0.15390625 0.11796875
7 0.7140625 0.51640625 0.153125 0.09921875
7 0.70078125 0.85078125 0.146875 0.10234375
6 0.66875 0.421875 0.1515625 0.0984375
6 0.70859375 0.71015625 0.14375 0.0984375
6 0.675 0.95390625 0.1578125 0.0921875
6 0.68984375 0.61171875 0.15390625 0.096875
5 0.76953125 0.32109375 0.0640625 0.04296875
4 0.69765625 0.609375 0.06640625 0.04140625
3 0.70078125 0.51484375 0.0640625 0.04140625
0 0.66484375 0.42578125 0.0515625 0.034375
1 0.70546875 0.7046875 0.06484375 0.0421875
5 0.803125 0.8015625 0.07578125 0.04609375
3 0.6765625 0.96484375 0.06796875 0.04375
0 0.70703125 0.846875 0.059375 0.03828125