7 0.6859375 0.3703125 0.15234375 0.10625
7 0.63984375 0.559375 0.146875 0.09765625
6 0.709375 0.8046875 0.14375 0.096875
7 0.65625 0.98671875 0.15546875 0.0265625
6 0.68671875 0.46796875 0.153125 0.096875
7 0.715625 0.6390625 0.15234375 0.096875
6 0.66875 0.92109375 0.1453125 0.0984375
6 0.634375 0.71953125 0.15234375 0.0953125
1 0.6953125 0.3734375 0.0640625 0.04296875
3 0.640625 0.559375 0.06796875 0.0484375
3 0.709375 0.63671875 0.05703125 0.03984375
3 0.67578125 0.4703125 0.06484375 0.0421875
4 0.5859375 0.6515625 0.0640625 0.04296875
5 0.7171875 0.803125 0.06484375 0.040625
3 0.63984375 0.7125 0.07421875 0.04609375
3 0.67265625 0.9296875 0.0625 0.04140625