7 0.26484375 0.8125 0.0984375 0.1484375
7 0.48046875 0.78125 0.103125 0.15
7 0.8359375 0.77265625 0.10625 0.159375
6 0.36796875 0.80546875 0.1046875 0.1546875
6 0.59296875 0.82734375 0.1 0.146875
6 0.7328125 0.825 0.096875 0.15
6 0.9453125 0.81640625 0.10625 0.1578125
2 0.26796875 0.80859375 0.0390625 0.0625
4 0.371875 0.80234375 0.04375 0.078125
3 0.47890625 0.78359375 0.0421875 0.065625
0 0.58828125 0.81640625 0.034375 0.053125
4 0.73984375 0.8203125 0.04375 0.065625
5 0.809375 0.88828125 0.04375 0.0703125
1 0.83359375 0.7765625 0.0375 0.0625
3 0.95390625 0.81640625 0.040625 0.0609375