7 0.59375 0.2859375 0.1625 0.11875
7 0.62421875 0.51796875 0.1546875 0.10703125
7 0.6890625 0.83828125 0.1671875 0.10625
7 0.58359375 0.98828125 0.1703125 0.0234375
6 0.53359375 0.41796875 0.15390625 0.11171875
6 0.64765625 0.73515625 0.15625 0.103125
6 0.5953125 0.9203125 0.153125 0.10390625
6 0.5875 0.6234375 0.1609375 0.10625
5 0.6015625 0.28203125 0.0640625 0.04296875
3 0.62890625 0.5203125 0.06796875 0.0484375
0 0.60390625 0.6203125 0.0515625 0.034375
1 0.5265625 0.42109375 0.06484375 0.0421875
2 0.65390625 0.728125 0.07578125 0.04609375
5 0.684375 0.8328125 0.06796875 0.04375
1 0.77734375 0.78203125 0.071875 0.0375
2 0.6015625 0.92265625 0.05078125 0.04375