4 0.5203125 0.4359375 0.13125 0.08984375
4 0.925 0.49140625 0.14765625 0.08671875
4 0.4703125 0.6421875 0.11640625 0.08203125
1 0.3703125 0.51875 0.1203125 0.08125
1 0.6828125 0.47890625 0.11875 0.09140625
1 0.64453125 0.784375 0.13046875 0.09609375
0 0.79765625 0.60234375 0.128125 0.071875
0 0.828125 0.71796875 0.1171875 0.090625
2 0.3 0.621875 0.1359375 0.0765625
2 0.45078125 0.7515625 0.13046875 0.09453125
3 0.63984375 0.64765625 0.12578125 0.07421875
5 0.95546875 0.78203125 0.08828125 0.096875