6 0.6421875 0.76328125 0.159375 0.1109375
7 0.675 0.55078125 0.1625 0.1109375
6 0.6578125 0.1578125 0.15625 0.109375
7 0.709375 0.6609375 0.165625 0.1140625
7 0.63359375 0.4390625 0.165625 0.1109375
6 0.65625 0.04921875 0.159375 0.096875
6 0.70078125 0.31875 0.1609375 0.10625
0 0.6359375 0.76484375 0.0671875 0.04375
5 0.6890625 0.546875 0.071875 0.05
3 0.63046875 0.43671875 0.0671875 0.05
3 0.71015625 0.6609375 0.06875 0.046875
3 0.69921875 0.32109375 0.0671875 0.04375
3 0.64453125 0.15390625 0.06875 0.0421875
0 0.6234375 0.25703125 0.078125 0.0484375
1 0.65390625 0.03984375 0.065625 0.04375