6 0.29765625 0.928125 0.203125 0.1375
7 0.3265625 0.62265625 0.20625 0.134375
6 0.30234375 0.14140625 0.196875 0.13125
7 0.28359375 0.7890625 0.203125 0.1359375
7 0.30859375 0.490625 0.2015625 0.13125
6 0.3 0.03203125 0.2015625 0.0625
6 0.325 0.32265625 0.203125 0.128125
3 0.28984375 0.92265625 0.0828125 0.059375
5 0.321875 0.6109375 0.08125 0.053125
1 0.3265625 0.496875 0.05 0.0609375
4 0.29921875 0.7921875 0.08125 0.0484375
3 0.3109375 0.32421875 0.078125 0.053125
0 0.29296875 0.14296875 0.0375 0.034375
4 0.42890625 0.2390625 0.084375 0.059375
2 0.28671875 0.01796875 0.05 0.034375