6 0.64765625 0.24296875 0.15234375 0.10625
7 0.67734375 0.45390625 0.15546875 0.10625
6 0.653125 0.834375 0.15 0.1046875
7 0.71171875 0.34296875 0.15859375 0.109375
7 0.6375 0.56015625 0.1578125 0.10703125
6 0.6578125 0.94140625 0.153125 0.10078125
6 0.70546875 0.675 0.15390625 0.10078125
0 0.64140625 0.23984375 0.0640625 0.04296875
5 0.690625 0.45625 0.06796875 0.0484375
3 0.63515625 0.56015625 0.0640625 0.046875
3 0.7109375 0.34453125 0.06484375 0.04453125
3 0.6984375 0.67265625 0.0640625 0.04296875
3 0.65390625 0.83359375 0.06484375 0.040625
0 0.6265625 0.73359375 0.07421875 0.04609375
1 0.659375 0.946875 0.0625 0.04140625