1 0.29813911718749997 0.8371863578125 0.23289355 0.8317660437500001 0.22860743593750002 0.87003109375 0.285089953125 0.8772967703125 0.29813911718749997 0.8371863578125
1 0.2671474484375 0.9022301234375 0.32423731875 0.9249954656250001 0.351966634375 0.8913894953125 0.2979423609375 0.8686752203125 0.2671474484375 0.9022301234375
2 0.13394026718750002 0.8158341359374999 0.1543163625 0.8510434671875 0.2123881984375 0.8341159062499999 0.1834720515625 0.7973549078125 0.13394026718750002 0.8158341359374999
2 0.1797864796875 0.90995138125 0.2419335515625 0.9289102953124999 0.26129085625 0.8842214953124999 0.210220115625 0.8701861109375001 0.1797864796875 0.90995138125
0 0.297967809375 0.947423328125 0.32547550625 0.9833097765625001 0.3825286328125 0.9616424953125 0.3503290234375 0.9260798250000001 0.297967809375 0.947423328125
0 0.3017954578125 1 0.2847233171875 0.9602882859375 0.22257624687500002 0.97179903125 0.236720478125 1 0.3017954578125 1
7 0.23125 0.325 0.15625 0.103125
7 0.2421875 0.5265625 0.1625 0.10625
7 0.39453125 0.71328125 0.15 0.103125
7 0.3984375 0.8453125 0.159375 0.103125
6 0.2921875 0.4265625 0.1546875 0.1
6 0.3953125 0.56171875 0.153125 0.10625
6 0.19765625 0.68046875 0.1578125 0.1
6 0.26171875 0.77734375 0.1578125 0.103125