6 0.74765625 0.3640625 0.109375 0.15625
7 0.540625 0.33125 0.109375 0.159375
6 0.15546875 0.3484375 0.10625 0.153125
7 0.64765625 0.2984375 0.1125 0.1625
7 0.43046875 0.37265625 0.109375 0.1609375
6 0.0484375 0.35 0.096875 0.15625
6 0.3125 0.30625 0.103125 0.1578125
0 0.74921875 0.36953125 0.04375 0.065625
5 0.53671875 0.31796875 0.05 0.06875
3 0.428125 0.375 0.046875 0.065625
3 0.64765625 0.296875 0.0453125 0.065625
3 0.31484375 0.3078125 0.04375 0.065625
3 0.15078125 0.3609375 0.040625 0.065625
0 0.25234375 0.38125 0.046875 0.075
1 0.03984375 0.3515625 0.0421875 0.0640625