6 0.7078125 0.265625 0.15234375 0.10625
7 0.73515625 0.46484375 0.15546875 0.10625
6 0.69296875 0.83671875 0.15 0.1046875
7 0.76640625 0.36328125 0.16015625 0.10234375
7 0.69296875 0.56875 0.1609375 0.1
6 0.703125 0.9421875 0.153125 0.09765625
6 0.75546875 0.6828125 0.15234375 0.0953125
0 0.70078125 0.26015625 0.0640625 0.04296875
5 0.74296875 0.471875 0.06796875 0.0484375
3 0.68671875 0.5703125 0.059375 0.04140625
3 0.76640625 0.3625 0.06484375 0.0421875
3 0.75 0.6828125 0.0640625 0.04296875
3 0.7046875 0.84140625 0.06484375 0.040625
0 0.68046875 0.74140625 0.07421875 0.04609375
1 0.696875 0.94609375 0.0625 0.04140625