6 0.6828125 0.32890625 0.15703125 0.1109375
6 0.6515625 0.58203125 0.1578125 0.10703125
7 0.6625 0.22109375 0.1625 0.1109375
7 0.69609375 0.440625 0.1640625 0.1109375
6 0.64609375 0.925 0.16953125 0.11328125
7 0.65859375 0.81171875 0.1625 0.1078125
2 0.66953125 0.225 0.03515625 0.04609375
4 0.69375 0.32578125 0.06953125 0.05
2 0.7015625 0.434375 0.03671875 0.053125
0 0.64140625 0.5796875 0.04140625 0.02734375
6 0.69140625 0.6890625 0.15078125 0.1015625
2 0.69140625 0.6859375 0.06875 0.02734375
5 0.77734375 0.79375 0.06171875 0.040625
3 0.65859375 0.81875 0.05703125 0.0453125
1 0.65234375 0.9234375 0.05703125 0.046875