6 0.61640625 0.12421875 0.153125 0.1046875
6 0.61640625 0.3546875 0.1578125 0.1015625
6 0.63359375 0.77890625 0.15 0.096875
7 0.61484375 0.23984375 0.1546875 0.1046875
7 0.6203125 0.61953125 0.146875 0.1
6 0.62265625 0.90234375 0.153125 0.1046875
7 0.6015625 0.51015625 0.15 0.1
5 0.615625 0.12890625 0.0640625 0.04375
2 0.596875 0.5125 0.078125 0.04375
0 0.61953125 0.3515625 0.065625 0.0421875
3 0.61875 0.23671875 0.06875 0.04375
1 0.6140625 0.61640625 0.065625 0.04375
2 0.628125 0.8984375 0.06875 0.0453125
4 0.63671875 0.771875 0.0609375 0.040625
1 0.4359375 0.8 0.065625 0.03125
3 0.3859375 0.8703125 0.05625 0.040625