6 0.62265625 0.20859375 0.15625 0.1140625
7 0.6375 0.43359375 0.1640625 0.1078125
6 0.615625 0.84765625 0.15390625 0.10703125
7 0.68203125 0.325 0.1640625 0.11484375
7 0.6015625 0.53984375 0.1671875 0.1109375
6 0.64765625 0.9515625 0.1640625 0.096875
6 0.6453125 0.6953125 0.15859375 0.1046875
0 0.6265625 0.21171875 0.0640625 0.04296875
1 0.64375 0.43359375 0.06796875 0.0484375
1 0.59375 0.5359375 0.0640625 0.046875
5 0.6703125 0.328125 0.06484375 0.04453125
3 0.6578125 0.690625 0.0640625 0.04296875
0 0.61328125 0.846875 0.06484375 0.040625
4 0.53984375 0.7828125 0.07421875 0.05
2 0.653125 0.95234375 0.0625 0.04140625