6 0.65625 0.31171875 0.16171875 0.1015625
6 0.4625 0.6 0.1453125 0.090625
6 0.75390625 0.5125 0.14609375 0.09453125
6 0.803125 0.721875 0.146875 0.09140625
7 0.70703125 0.41171875 0.16484375 0.10703125
7 0.58203125 0.5390625 0.15 0.09609375
7 0.72421875 0.62109375 0.16484375 0.10390625
7 0.5546875 0.69375 0.15703125 0.09765625
5 0.85078125 0.92578125 0.065625 0.0484375
5 0.76953125 0.86953125 0.0703125 0.03984375
5 0.6984375 0.77265625 0.0625 0.0453125
2 0.69375 0.93984375 0.071875 0.046875
2 0.571875 0.9375 0.05625 0.03671875
4 0.6921875 0.8578125 0.0640625 0.0453125
4 0.64375 0.8109375 0.06328125 0.0453125
4 0.5703125 0.775 0.06796875 0.04765625