7 0.815625 0.2640625 0.1484375 0.1
7 0.784375 0.48125 0.1515625 0.103125
7 0.775 0.83828125 0.159375 0.10625
6 0.80859375 0.36796875 0.15625 0.1046875
6 0.83046875 0.59453125 0.1484375 0.1015625
6 0.828125 0.73515625 0.1515625 0.096875
6 0.81875 0.94765625 0.1578125 0.1046875
2 0.81171875 0.26796875 0.0625 0.040625
4 0.80546875 0.371875 0.078125 0.04375
3 0.78671875 0.4796875 0.065625 0.04375
0 0.81953125 0.58984375 0.053125 0.0359375
4 0.8234375 0.7421875 0.0671875 0.04375
5 0.8921875 0.81171875 0.071875 0.04375
1 0.77890625 0.8359375 0.0640625 0.0375
3 0.81953125 0.95703125 0.0609375 0.040625