7 0.7703125 0.36171875 0.1234375 0.1609375
7 0.5578125 0.39296875 0.103125 0.159375
7 0.19921875 0.36953125 0.10625 0.153125
7 0.0171875 0.34609375 0.034375 0.1640625
6 0.6609375 0.44609375 0.103125 0.159375
6 0.34765625 0.37578125 0.103125 0.15
6 0.08671875 0.39296875 0.103125 0.165625
6 0.45078125 0.40625 0.1 0.1609375
5 0.771875 0.34921875 0.04375 0.0671875
4 0.45234375 0.39375 0.04375 0.06875
3 0.55546875 0.4 0.04375 0.0671875
0 0.6515625 0.44921875 0.0359375 0.053125
1 0.35234375 0.371875 0.04375 0.06875
5 0.25703125 0.26796875 0.0484375 0.0796875
3 0.0796875 0.3890625 0.046875 0.071875
0 0.20390625 0.36796875 0.040625 0.0625
2 0.003125 0.33203125 0.00625 0.053125