7 0.5953125 0.3171875 0.15546875 0.1140625
7 0.62421875 0.54296875 0.14765625 0.0984375
7 0.690625 0.85234375 0.15 0.10625
6 0.53046875 0.44453125 0.15 0.103125
6 0.64609375 0.75546875 0.15625 0.103125
6 0.596875 0.93359375 0.1484375 0.09609375
6 0.5859375 0.64453125 0.1421875 0.09609375
5 0.609375 0.31015625 0.0640625 0.04296875
3 0.62734375 0.54140625 0.06796875 0.0484375
0 0.6 0.6421875 0.0515625 0.034375
1 0.53203125 0.4453125 0.06484375 0.0421875
2 0.6578125 0.7453125 0.07578125 0.04609375
5 0.6859375 0.846875 0.06796875 0.04375
1 0.77421875 0.79765625 0.071875 0.0375
0 0.60625 0.93515625 0.05078125 0.04375