6 0.7890625 0.6171875 0.11875 0.171875
7 0.55078125 0.6296875 0.1125 0.1703125
6 0.1203125 0.61015625 0.1109375 0.159375
7 0.66484375 0.68046875 0.11875 0.171875
7 0.440625 0.59609375 0.115625 0.1734375
6 0.0328125 0.64609375 0.065625 0.1703125
6 0.278125 0.63984375 0.109375 0.165625
0 0.78359375 0.6234375 0.04375 0.065625
1 0.55078125 0.64609375 0.05 0.071875
1 0.44140625 0.5875 0.0484375 0.0671875
5 0.66171875 0.66875 0.046875 0.0671875
3 0.28125 0.6484375 0.04375 0.0671875
0 0.1171875 0.61328125 0.0421875 0.0671875
4 0.1875 0.52890625 0.05625 0.0765625
2 0.0171875 0.6390625 0.034375 0.065625