6 0.83203125 0.59140625 0.103125 0.1546875
6 0.6171875 0.60703125 0.1 0.146875
6 0.2234375 0.61171875 0.09375 0.1375
7 0.72734375 0.60859375 0.10625 0.15
7 0.4640625 0.6 0.096875 0.14375
6 0.071875 0.58984375 0.09375 0.1390625
7 0.36640625 0.59609375 0.09375 0.146875
3 0.834375 0.5984375 0.05 0.071875
3 0.61953125 0.609375 0.0453125 0.065625
5 0.4671875 0.6 0.046875 0.05625
5 0.7359375 0.6265625 0.053125 0.0765625
1 0.365625 0.5828125 0.046875 0.05625
0 0.23046875 0.6171875 0.034375 0.034375
3 0.2828125 0.51640625 0.04375 0.065625
2 0.075 0.58671875 0.0546875 0.046875