6 0.66796875 0.1171875 0.18828125 0.128125
7 0.64140625 0.40234375 0.1921875 0.12578125
6 0.66328125 0.85078125 0.1828125 0.121875
7 0.68125 0.246875 0.18828125 0.1265625
7 0.6578125 0.52578125 0.1875 0.121875
6 0.66640625 0.96171875 0.1875 0.0765625
6 0.64296875 0.68125 0.18828125 0.1203125
3 0.67578125 0.12265625 0.07734375 0.05546875
5 0.6453125 0.41328125 0.075 0.0484375
1 0.64140625 0.51953125 0.046875 0.05625
4 0.66640625 0.24375 0.075 0.0453125
3 0.65546875 0.68046875 0.071875 0.04921875
0 0.67265625 0.84921875 0.034375 0.0328125
4 0.54609375 0.759375 0.07890625 0.05546875
2 0.67890625 0.975 0.0453125 0.05