6 0.21484375 0.3703125 0.1125 0.159375
7 0.43515625 0.34140625 0.1125 0.1625
6 0.83671875 0.37421875 0.109375 0.1578125
7 0.3203125 0.309375 0.115625 0.165625
7 0.54921875 0.38515625 0.1125 0.165625
6 0.946875 0.36171875 0.10625 0.159375
6 0.66875 0.3234375 0.10625 0.1625
0 0.21484375 0.375 0.04375 0.0671875
5 0.4375 0.32734375 0.05 0.071875
3 0.5484375 0.39140625 0.05 0.06875
3 0.321875 0.30390625 0.046875 0.06875
3 0.66640625 0.31875 0.0453125 0.06875
3 0.8375 0.371875 0.04375 0.06875
0 0.73203125 0.39296875 0.0484375 0.078125
1 0.95234375 0.3625 0.04375 0.065625