6 0.30078125 0.64921875 0.1046875 0.165625
6 0.596875 0.45 0.09375 0.15
6 0.50625 0.75 0.096875 0.15
6 0.721875 0.8 0.09375 0.15
7 0.403125 0.7015625 0.109375 0.16875
7 0.534375 0.5734375 0.0984375 0.153125
7 0.61796875 0.71953125 0.10625 0.16875
7 0.69296875 0.54453125 0.1 0.1609375
5 0.93046875 0.84921875 0.05 0.0671875
5 0.8734375 0.76640625 0.040625 0.0734375
5 0.77421875 0.69296875 0.046875 0.065625
2 0.9453125 0.68828125 0.046875 0.075
2 0.94296875 0.5625 0.0375 0.0578125
4 0.8609375 0.6859375 0.046875 0.065625
4 0.81328125 0.6359375 0.046875 0.065625
4 0.7765625 0.5609375 0.05 0.06875