6 0.67578125 0.23984375 0.1625 0.1140625
7 0.70546875 0.46015625 0.165625 0.1125
6 0.68125 0.85703125 0.1609375 0.109375
7 0.7421875 0.3453125 0.165625 0.1125
7 0.66484375 0.56875 0.1625 0.103125
6 0.6859375 0.95703125 0.15625 0.0859375
6 0.7265625 0.690625 0.165625 0.10625
0 0.665625 0.2359375 0.06875 0.0453125
5 0.7171875 0.4625 0.071875 0.053125
3 0.6578125 0.57265625 0.0609375 0.0421875
3 0.73671875 0.346875 0.06875 0.04375
3 0.728125 0.6921875 0.0625 0.05
3 0.68125 0.85625 0.06875 0.04375
0 0.6515625 0.75234375 0.078125 0.05
1 0.684375 0.9734375 0.0671875 0.04375