7 0.65234375 0.33203125 0.10625 0.15625
7 0.4578125 0.37734375 0.1 0.15
6 0.19921875 0.30703125 0.096875 0.14375
7 0.01484375 0.36875 0.0296875 0.15625
6 0.55234375 0.33515625 0.096875 0.146875
7 0.375 0.30390625 0.0984375 0.146875
6 0.08046875 0.3484375 0.1 0.15
6 0.29296875 0.38359375 0.096875 0.1546875
1 0.65 0.3265625 0.04375 0.065625
3 0.45703125 0.378125 0.05 0.06875
3 0.375 0.3140625 0.034375 0.053125
3 0.5484375 0.33984375 0.04375 0.065625
4 0.36171875 0.43359375 0.05 0.06875
5 0.20390625 0.2984375 0.040625 0.065625
3 0.29765625 0.38359375 0.046875 0.075
3 0.0734375 0.34453125 0.0421875 0.0625