6 0.134375 0.66796875 0.134375 0.190625
7 0.44609375 0.63125 0.134375 0.2
6 0.93359375 0.66171875 0.1328125 0.20625
7 0.2765625 0.68515625 0.1421875 0.2078125
7 0.58515625 0.6578125 0.13125 0.20625
6 0.7546875 0.6359375 0.128125 0.2
3 0.140625 0.68671875 0.059375 0.0953125
5 0.4609375 0.6515625 0.059375 0.096875
1 0.57734375 0.63515625 0.0625 0.071875
4 0.27578125 0.66875 0.05625 0.084375
3 0.75546875 0.65703125 0.0640625 0.090625
0 0.94140625 0.671875 0.04375 0.0703125
4 0.84140625 0.53515625 0.059375 0.08125