6 0.35859375 0.7890625 0.159375 0.1125
7 0.32890625 0.56875 0.1625 0.1125
6 0.3625 0.16640625 0.1578125 0.109375
7 0.296875 0.6828125 0.165625 0.115625
7 0.37265625 0.4546875 0.165625 0.1125
6 0.34921875 0.05703125 0.159375 0.10625
6 0.3109375 0.33515625 0.1625 0.10625
0 0.3625 0.7890625 0.0671875 0.04375
5 0.31484375 0.56640625 0.071875 0.05
3 0.37890625 0.45546875 0.06875 0.05
3 0.29140625 0.68203125 0.06875 0.046875
3 0.30625 0.3375 0.06875 0.0453125
3 0.359375 0.16640625 0.06875 0.04375
0 0.38046875 0.271875 0.078125 0.0484375
1 0.35 0.05078125 0.065625 0.04375