6 0.65234375 0.1921875 0.146875 0.1015625
6 0.66875 0.4140625 0.15 0.1
6 0.671875 0.815625 0.1421875 0.096875
7 0.67421875 0.2953125 0.1515625 0.1
7 0.66484375 0.57578125 0.15 0.096875
6 0.6453125 0.9625 0.1421875 0.075
7 0.6546875 0.67265625 0.153125 0.096875
3 0.6625 0.1953125 0.0734375 0.05
3 0.67265625 0.41171875 0.0671875 0.046875
5 0.65234375 0.56953125 0.0625 0.040625
5 0.6796875 0.28984375 0.0703125 0.0515625
1 0.63828125 0.6703125 0.053125 0.040625
0 0.67265625 0.81328125 0.0375 0.034375
3 0.57578125 0.75859375 0.0671875 0.04375
2 0.64609375 0.97109375 0.05 0.053125