6 0.80625 0.62421875 0.103125 0.15
6 0.57578125 0.64296875 0.103125 0.153125
6 0.16640625 0.64609375 0.0984375 0.1453125
7 0.69921875 0.6484375 0.103125 0.1546875
7 0.4140625 0.63671875 0.1 0.153125
6 0.028125 0.62421875 0.05625 0.146875
7 0.31328125 0.62890625 0.0984375 0.15625
3 0.80234375 0.63671875 0.0515625 0.075
3 0.5796875 0.65078125 0.046875 0.06875
5 0.4203125 0.634375 0.0421875 0.0625
5 0.7046875 0.65546875 0.053125 0.071875
1 0.3140625 0.621875 0.040625 0.05625
0 0.1671875 0.65546875 0.034375 0.0375
3 0.22578125 0.54921875 0.04375 0.06875
2 0.01796875 0.62578125 0.034375 0.05