6 0.3046875 0.09765625 0.196875 0.134375
7 0.33203125 0.39453125 0.2 0.13125
6 0.309375 0.8625 0.190625 0.128125
7 0.29140625 0.2328125 0.196875 0.13125
7 0.315625 0.52265625 0.196875 0.128125
6 0.30703125 0.96875 0.1953125 0.0625
6 0.33125 0.6859375 0.196875 0.125
3 0.296875 0.10234375 0.08125 0.0578125
5 0.328125 0.40546875 0.078125 0.05
1 0.3328125 0.5171875 0.0484375 0.059375
4 0.30625 0.22890625 0.078125 0.046875
3 0.31796875 0.68515625 0.075 0.0515625
0 0.3 0.8609375 0.0359375 0.034375
4 0.43203125 0.7671875 0.08125 0.0578125
2 0.29375 0.9828125 0.046875 0.034375