7 0.6625 0.20859375 0.14375 0.09609375
7 0.640625 0.421875 0.146875 0.10078125
7 0.646875 0.7640625 0.1453125 0.09609375
7 0.68828125 0.9640625 0.14609375 0.071875
6 0.6609375 0.309375 0.15078125 0.1015625
6 0.68984375 0.5296875 0.14375 0.0984375
6 0.69140625 0.66953125 0.14375 0.0859375
6 0.69140625 0.86875 0.15234375 0.10234375
2 0.66171875 0.2125 0.06015625 0.03828125
4 0.66171875 0.31640625 0.075 0.04140625
3 0.64609375 0.42109375 0.0640625 0.04140625
0 0.68046875 0.52734375 0.0515625 0.034375
4 0.690625 0.671875 0.06484375 0.0421875
5 0.75546875 0.73359375 0.0703125 0.03671875
1 0.65234375 0.759375 0.06171875 0.0359375
3 0.69453125 0.875 0.059375 0.03828125
0 0.690625 0.97265625 0.04921875 0.03515625