7 0.6734375 0.3484375 0.15390625 0.10546875
7 0.6296875 0.540625 0.14765625 0.0984375
6 0.69609375 0.79296875 0.146875 0.096875
7 0.63125 0.98515625 0.1515625 0.0296875
6 0.67421875 0.4484375 0.14375 0.0953125
7 0.703125 0.62578125 0.15234375 0.096875
6 0.65 0.91953125 0.1484375 0.0984375
6 0.61875 0.70625 0.15234375 0.09609375
1 0.684375 0.3515625 0.0640625 0.04296875
3 0.62734375 0.54375 0.06796875 0.0484375
3 0.6953125 0.62578125 0.0515625 0.034375
3 0.66796875 0.45234375 0.06484375 0.0421875
4 0.5703125 0.6359375 0.0609375 0.04609375
5 0.703125 0.79375 0.059375 0.0390625
3 0.621875 0.7 0.071875 0.0390625
3 0.65859375 0.9234375 0.059375 0.040625