7 0.34375 0.22265625 0.1765625 0.109375
6 0.32109375 0.33671875 0.1609375 0.1109375
4 0.31640625 0.33125 0.065625 0.0453125
7 0.3125 0.45 0.171875 0.115625
7 0.35390625 0.83125 0.16875 0.115625
6 0.36015625 0.59375 0.159375 0.109375
6 0.36953125 0.94609375 0.1734375 0.1078125
6 0.328125 0.703125 0.15625 0.109375
2 0.33125 0.23125 0.065625 0.04375
2 0.30546875 0.44765625 0.06875 0.05
0 0.3640625 0.59765625 0.053125 0.0375
2 0.3140625 0.70078125 0.065625 0.04375
3 0.35234375 0.8375 0.065625 0.040625
1 0.36171875 0.94609375 0.0625 0.0421875
5 0.23359375 0.8125 0.059375 0.040625