7 0.625 0.3046875 0.15625 0.1140625
7 0.6484375 0.53125 0.146875 0.0984375
7 0.7125 0.84375 0.15 0.10625
7 0.60859375 0.9875 0.15 0.025
6 0.559375 0.43125 0.15 0.103125
6 0.67265625 0.74140625 0.15625 0.103125
6 0.62109375 0.92734375 0.1484375 0.096875
6 0.6140625 0.63125 0.159375 0.096875
5 0.63125 0.30234375 0.0640625 0.04375
3 0.6546875 0.53359375 0.06875 0.0484375
0 0.6296875 0.62890625 0.0515625 0.034375
1 0.55625 0.434375 0.065625 0.0421875
2 0.67734375 0.73984375 0.075 0.046875
5 0.71015625 0.83828125 0.06875 0.04375
1 0.79609375 0.7890625 0.071875 0.0375
0 0.62109375 0.92734375 0.05 0.04375