6 0.771875 0.690625 0.11875 0.1734375
6 0.55546875 0.80703125 0.10625 0.159375
6 0.4546875 0.4875 0.1078125 0.1734375
6 0.32578125 0.87421875 0.109375 0.1703125
7 0.66328125 0.76328125 0.115625 0.18125
7 0.43984375 0.78671875 0.1125 0.171875
7 0.52421875 0.6234375 0.10625 0.1625
7 0.34609375 0.60390625 0.1109375 0.1734375
5 0.10703125 0.93984375 0.0515625 0.084375
5 0.1703125 0.84375 0.053125 0.0765625
5 0.26796875 0.76484375 0.0546875 0.071875
4 0.1796875 0.76328125 0.05 0.075
4 0.23203125 0.69765625 0.046875 0.0703125
4 0.26796875 0.62265625 0.053125 0.0765625
5 0.00625 0.7515625 0.0125 0.06875
2 0.08984375 0.7671875 0.05 0.0765625
2 0.09140625 0.63125 0.04375 0.0734375