6 0.6859375 0.25703125 0.15234375 0.10625
7 0.71796875 0.4640625 0.15546875 0.10625
6 0.69296875 0.83671875 0.15 0.1046875
7 0.75078125 0.35703125 0.16015625 0.10234375
7 0.67890625 0.56328125 0.1609375 0.1
6 0.703125 0.9421875 0.153125 0.09765625
6 0.73828125 0.68203125 0.15234375 0.0953125
0 0.6796875 0.2546875 0.0640625 0.04296875
5 0.72734375 0.4671875 0.06796875 0.0484375
3 0.67109375 0.56796875 0.059375 0.04140625
3 0.74921875 0.3578125 0.06484375 0.0421875
3 0.73984375 0.6796875 0.0640625 0.04296875
3 0.68359375 0.83828125 0.06484375 0.040625
0 0.67265625 0.74140625 0.07421875 0.04609375
1 0.696875 0.94609375 0.0625 0.04140625