6 0.13203125 0.6703125 0.128125 0.190625
7 0.4203125 0.640625 0.1265625 0.19375
6 0.87578125 0.66171875 0.1234375 0.184375
7 0.25703125 0.68515625 0.128125 0.190625
7 0.54609375 0.65234375 0.1234375 0.190625
6 0.975 0.665625 0.05 0.190625
6 0.7046875 0.63984375 0.121875 0.190625
3 0.13125 0.68828125 0.05625 0.078125
5 0.42890625 0.64921875 0.05 0.075
1 0.5390625 0.64375 0.05625 0.046875
4 0.25859375 0.67265625 0.053125 0.075
3 0.70078125 0.65546875 0.05 0.071875
0 0.8703125 0.67265625 0.034375 0.0359375
4 0.78359375 0.546875 0.05625 0.0796875
2 0.9890625 0.67734375 0.021875 0.046875