7 0.30078125 0.634375 0.1171875 0.159375
7 0.53359375 0.65859375 0.1 0.153125
7 0.8546875 0.72421875 0.109375 0.1546875
7 0.99453125 0.6171875 0.0109375 0.153125
6 0.43125 0.5671875 0.10625 0.153125
6 0.74921875 0.68359375 0.10625 0.159375
6 0.940625 0.63046875 0.1 0.1515625
6 0.63671875 0.6234375 0.1 0.1625
5 0.2984375 0.64140625 0.04375 0.065625
3 0.5359375 0.66484375 0.05 0.0703125
0 0.634375 0.6390625 0.034375 0.053125
1 0.434375 0.5640625 0.04375 0.065625
2 0.7484375 0.6890625 0.046875 0.078125
5 0.84921875 0.721875 0.0453125 0.0703125
1 0.7984375 0.8109375 0.0375 0.0734375
0 0.940625 0.63046875 0.04375 0.053125