7 0.6578125 0.70546875 0.165625 0.1125
7 0.60390625 0.50078125 0.1578125 0.1046875
6 0.67734375 0.23046875 0.1546875 0.10625
7 0.6171875 0.0234375 0.1640625 0.046875
6 0.653125 0.60078125 0.153125 0.1015625
7 0.69140625 0.41015625 0.1625 0.103125
6 0.634375 0.0984375 0.159375 0.10625
6 0.59921875 0.32578125 0.1625 0.103125
1 0.6671875 0.7015625 0.06875 0.0453125
4 0.6125 0.00703125 0.071875 0.0140625
3 0.60703125 0.496875 0.071875 0.053125
3 0.67890625 0.4109375 0.0546875 0.0375
3 0.65 0.59609375 0.06875 0.04375
4 0.54921875 0.39921875 0.065625 0.05
5 0.68984375 0.23125 0.0625 0.0421875
3 0.6046875 0.3265625 0.078125 0.0421875
3 0.63828125 0.09453125 0.0671875 0.04375