6 0.75 0.690625 0.109375 0.15625
7 0.53828125 0.72421875 0.109375 0.159375
6 0.1578125 0.6984375 0.10625 0.153125
7 0.64765625 0.7578125 0.1046875 0.1640625
7 0.43671875 0.68359375 0.1015625 0.165625
6 0.05 0.7078125 0.1 0.15625
6 0.31640625 0.74453125 0.096875 0.15625
0 0.75234375 0.684375 0.04375 0.065625
5 0.53515625 0.73359375 0.05 0.06875
3 0.43203125 0.67578125 0.0421875 0.0609375
3 0.646875 0.75546875 0.04375 0.065625
3 0.31875 0.74609375 0.04375 0.065625
3 0.15625 0.68828125 0.040625 0.0671875
0 0.2546875 0.67734375 0.046875 0.075
1 0.04609375 0.70234375 0.0421875 0.0640625