1 0.6801430500000001 0.8744852812499999 0.69299479375 0.81362839375 0.651037640625 0.795996975 0.6400349125 0.8555177703125001 0.6801430500000001 0.8744852812499999
0 0.7409998156250001 0.8818791218750001 0.7712391843749999 0.8443412109375 0.7459137124999999 0.7994095 0.716052315625 0.8380848625 0.7409998156250001 0.8818791218750001
0 0.7827080984375 0.8471849890625001 0.8155934578125 0.803390771875 0.783464084375 0.76073409375 0.7577606125 0.8062345515624999 0.7827080984375 0.8471849890625001
2 0.8676366515625 0.8625413765625 0.8699045999999999 0.8011157843750001 0.8321053718750001 0.795428228125 0.828669140625 0.8597841468749999 0.8676366515625 0.8625413765625
4 0.8321053718750001 0.73002131875 0.8683926390625001 0.7010147421874999 0.844957115625 0.6464142015625 0.8102312093749999 0.6720635953125 0.8321053718750001 0.73002131875
5 0.9179096234375 0.8113533609375001 0.9179096234375 0.750496515625 0.8774644453124999 0.7499277703125 0.877836959375 0.8085876328125 0.9179096234375 0.8113533609375001
5 0.9452542156250001 0.7817780812499999 0.98305344375 0.7544777890625001 0.96075189375 0.6964647234375 0.9301345234375 0.728315034375 0.9452542156250001 0.7817780812499999
1 0.9494121249999999 0.8983730046874999 0.985321421875 0.8744852812499999 0.9690677265625001 0.81362839375 0.9340962906250001 0.8448518296874999 0.9494121249999999 0.8983730046874999
6 0.275 0.86953125 0.10625 0.146875
6 0.3296875 0.725 0.103125 0.146875
6 0.52421875 0.6203125 0.1 0.146875
6 0.70390625 0.7375 0.09375 0.146875
7 0.40390625 0.5953125 0.109375 0.146875
7 0.4171875 0.81328125 0.1171875 0.1640625
7 0.528125 0.78203125 0.103125 0.1734375
7 0.634375 0.61875 0.096875 0.15