7 0.8046875 0.27890625 0.14375 0.09609375
7 0.77421875 0.48828125 0.146875 0.10078125
7 0.765625 0.834375 0.1546875 0.10234375
6 0.79765625 0.37890625 0.15078125 0.1015625
6 0.81953125 0.5984375 0.14375 0.0984375
6 0.81640625 0.73515625 0.146875 0.09453125
6 0.80859375 0.94140625 0.15390625 0.10234375
2 0.8015625 0.28203125 0.06015625 0.03828125
4 0.79453125 0.3828125 0.075 0.04140625
3 0.7765625 0.48671875 0.0640625 0.04140625
0 0.80859375 0.59375 0.0515625 0.034375
4 0.8125 0.74140625 0.06484375 0.0421875
5 0.87890625 0.80859375 0.06875 0.0421875
1 0.76953125 0.83203125 0.06171875 0.0359375
3 0.80859375 0.95 0.059375 0.03828125