7 0.61953125 0.24375 0.15390625 0.11796875
7 0.58984375 0.446875 0.153125 0.09921875
7 0.6125 0.790625 0.146875 0.10234375
7 0.6359375 0.975 0.1578125 0.05
6 0.53984375 0.3484375 0.1515625 0.0984375
6 0.60625 0.6484375 0.14375 0.0984375
6 0.58984375 0.89921875 0.15859375 0.0984375
6 0.57734375 0.55 0.15390625 0.096875
5 0.63125 0.24140625 0.0640625 0.04296875
4 0.5890625 0.54765625 0.06640625 0.04140625
3 0.58359375 0.45 0.0640625 0.04140625
0 0.5359375 0.35703125 0.0515625 0.034375
1 0.61015625 0.64375 0.06484375 0.0421875
5 0.71015625 0.73515625 0.07578125 0.04609375
3 0.59375 0.90546875 0.06796875 0.04375
0 0.6140625 0.7859375 0.059375 0.03828125
2 0.6484375 0.9875 0.05078125 0.02421875