6 0.7375 0.28984375 0.1078125 0.153125
7 0.53671875 0.2625 0.1078125 0.15625
6 0.1609375 0.30546875 0.10625 0.1515625
7 0.6390625 0.23046875 0.103125 0.1625
7 0.43125 0.30546875 0.1 0.1625
6 0.05390625 0.2953125 0.0984375 0.1546875
6 0.31640625 0.2421875 0.096875 0.153125
0 0.74296875 0.29765625 0.04375 0.065625
5 0.5296875 0.2546875 0.05 0.06875
3 0.4296875 0.31171875 0.040625 0.059375
3 0.63984375 0.23125 0.0421875 0.065625
3 0.31640625 0.24765625 0.04375 0.065625
3 0.15625 0.29296875 0.040625 0.065625
0 0.25703125 0.31796875 0.046875 0.075
1 0.05 0.3015625 0.0421875 0.0625