6 0.0921875 0.68203125 0.13125 0.1859375
7 0.39375 0.65390625 0.13125 0.19375
6 0.8640625 0.678125 0.128125 0.2015625
7 0.228125 0.70078125 0.134375 0.1953125
7 0.52265625 0.6703125 0.128125 0.203125
6 0.97109375 0.67734375 0.0578125 0.1828125
6 0.6859375 0.6515625 0.121875 0.184375
3 0.096875 0.69375 0.053125 0.0875
5 0.40234375 0.6578125 0.053125 0.0953125
1 0.51484375 0.65546875 0.05 0.06875
4 0.2265625 0.68515625 0.059375 0.075
3 0.68671875 0.66484375 0.0625 0.0875
0 0.865625 0.68359375 0.04375 0.06875
4 0.76953125 0.55703125 0.0578125 0.078125
2 0.984375 0.68359375 0.03125 0.0671875