7 0.65546875 0.32890625 0.15390625 0.10546875
7 0.60546875 0.52109375 0.14765625 0.0984375
6 0.675 0.77421875 0.14453125 0.1
7 0.61796875 0.9734375 0.15390625 0.053125
6 0.6515625 0.42734375 0.14375 0.0953125
7 0.6875 0.60625 0.15234375 0.096875
6 0.634375 0.8984375 0.1484375 0.0984375
6 0.6015625 0.68515625 0.15234375 0.09609375
1 0.66484375 0.3328125 0.0640625 0.04296875
4 0.62265625 0.98828125 0.07421875 0.0234375
3 0.60859375 0.525 0.06796875 0.0484375
3 0.67578125 0.6046875 0.0515625 0.034375
3 0.6484375 0.43203125 0.06484375 0.0421875
4 0.5578125 0.6171875 0.06796875 0.0484375
5 0.6890625 0.77421875 0.06484375 0.040625
3 0.60546875 0.68203125 0.07421875 0.04609375
3 0.63984375 0.9015625 0.0625 0.04140625