6 0.22890625 0.61171875 0.121875 0.175
7 0.46328125 0.63203125 0.115625 0.175
6 0.88671875 0.6203125 0.1140625 0.1640625
7 0.35390625 0.67890625 0.121875 0.175
7 0.57578125 0.596875 0.11875 0.178125
6 0.971875 0.653125 0.05625 0.1765625
6 0.728125 0.6484375 0.1125 0.171875
0 0.2390625 0.615625 0.0453125 0.06875
1 0.46484375 0.64296875 0.053125 0.071875
1 0.56875 0.59296875 0.05 0.06875
5 0.353125 0.671875 0.046875 0.06875
3 0.728125 0.66015625 0.046875 0.06875
0 0.89453125 0.6234375 0.04375 0.0703125
4 0.82265625 0.53671875 0.0578125 0.078125
2 0.98671875 0.65859375 0.0265625 0.0671875