4 0.771875 0.30390625 0.13828125 0.1046875
4 0.5875 0.3546875 0.11796875 0.13203125
2 0.74375 0.51640625 0.16015625 0.1140625
2 0.94609375 0.46484375 0.1078125 0.1234375
1 0.98828125 0.60703125 0.0234375 0.09921875
1 0.89609375 0.678125 0.1265625 0.1140625
0 0.65390625 0.7375 0.1109375 0.06484375
0 0.45546875 0.78671875 0.096875 0.08203125
3 0.42890625 0.6609375 0.16484375 0.10234375
3 0.23671875 0.69296875 0.18046875 0.103125
5 0.246875 0.5203125 0.27109375 0.115625
5 0.4171875 0.425 0.20234375 0.1109375