7 0.68203125 0.7953125 0.125 0.1625
7 0.47265625 0.75 0.1046875 0.1625
7 0.1171875 0.7359375 0.109375 0.15625
6 0.57265625 0.7015625 0.1046875 0.1625
6 0.26640625 0.74453125 0.103125 0.153125
6 0.02890625 0.70859375 0.05625 0.16875
6 0.37109375 0.72421875 0.103125 0.1625
5 0.6796875 0.80859375 0.0453125 0.06875
4 0.3734375 0.7328125 0.04375 0.0703125
3 0.47421875 0.7359375 0.04375 0.06875
0 0.56875 0.69765625 0.0375 0.0546875
1 0.27265625 0.74140625 0.04375 0.06875
5 0.1703125 0.8453125 0.05 0.08125
3 0.01015625 0.71015625 0.0203125 0.0734375
0 0.121875 0.74296875 0.040625 0.0625