6 0.8828125 0.696875 0.1328125 0.1875
7 0.57421875 0.66015625 0.13125 0.196875
6 0.09140625 0.69140625 0.134375 0.203125
7 0.7421875 0.71328125 0.140625 0.20625
7 0.4375 0.68671875 0.128125 0.2046875
6 0.009375 0.6875 0.01875 0.184375
6 0.26953125 0.665625 0.128125 0.196875
3 0.8765625 0.715625 0.059375 0.0953125
5 0.56015625 0.68046875 0.059375 0.096875
1 0.44453125 0.6640625 0.0625 0.071875
4 0.74296875 0.69765625 0.05625 0.0828125
3 0.26875 0.6859375 0.0625 0.0890625
0 0.084375 0.70078125 0.04375 0.06875
4 0.18359375 0.565625 0.0578125 0.08125