6 0.2453125 0.26875 0.11875 0.165625
6 0.29921875 0.4140625 0.090625 0.14375
6 0.50390625 0.50390625 0.1046875 0.159375
6 0.6828125 0.37421875 0.071875 0.134375
7 0.39375 0.3 0.08125 0.15
7 0.3921875 0.54921875 0.096875 0.159375
7 0.5078125 0.334375 0.10625 0.165625
7 0.60703125 0.50546875 0.090625 0.121875
5 0.93046875 0.3546875 0.046875 0.078125
5 0.86953125 0.31796875 0.040625 0.053125
4 0.8125 0.41484375 0.0515625 0.075
0 0.75703125 0.3015625 0.040625 0.0609375
0 0.71015625 0.26796875 0.040625 0.0625
1 0.9359375 0.23203125 0.05625 0.078125
1 0.634375 0.27734375 0.0484375 0.075
2 0.81796875 0.2640625 0.0484375 0.0734375