7 0.4109375 0.66171875 0.1578125 0.1125
7 0.38828125 0.4359375 0.15 0.1
7 0.325 0.121875 0.1515625 0.1078125
6 0.4703125 0.53359375 0.1515625 0.103125
6 0.36484375 0.2234375 0.1578125 0.103125
6 0.42421875 0.0453125 0.1515625 0.090625
6 0.4203125 0.33515625 0.14375 0.096875
5 0.4015625 0.66953125 0.065625 0.04375
3 0.38359375 0.43359375 0.06875 0.05
0 0.4078125 0.3375 0.0515625 0.034375
1 0.4765625 0.53515625 0.065625 0.0421875
2 0.359375 0.2296875 0.078125 0.046875
5 0.33125 0.128125 0.06875 0.04375
1 0.23828125 0.17734375 0.071875 0.0375
0 0.41171875 0.0390625 0.0515625 0.04375