1 0.78841234375 0.6852275953125 0.8472856312499999 0.6727774671875 0.8289363562500001 0.633922709375 0.7713556125000001 0.644581603125 0.78841234375 0.6852275953125
0 0.818124090625 0.7610268484375 0.8544384734375001 0.7317324593750001 0.812071665625 0.7075645703125 0.774656909375 0.7364927984375 0.818124090625 0.7610268484375
0 0.7785084140625 0.8039950515625 0.8208751781249999 0.7721373578125 0.7812595 0.7479694828125 0.737242109375 0.772869721875 0.7785084140625 0.8039950515625
2 0.7763075781250001 0.8566089703124999 0.8357310312499999 0.8544118953125001 0.8330636734375 0.81666211875 0.7708054046874999 0.8199909671875 0.7763075781250001 0.8566089703124999
4 0.6794692812500001 0.855144259375 0.707530403125 0.8199909671875 0.6514617828125 0.798800371875 0.6266484203125 0.8324410953125 0.6794692812500001 0.855144259375
5 0.7273382203125001 0.9031138359374999 0.786211465625 0.9031138359374999 0.783535884375 0.86429344375 0.7267880124999999 0.8639325703124999 0.7273382203125001 0.9031138359374999
5 0.7311897265625 0.9662219125 0.7576001765625 0.9296039109375 0.7058797343750001 0.9149567093750001 0.6750675687500001 0.9446172859375 0.7311897265625 0.9662219125
1 0.8472856312499999 0.9684190156250001 0.87039474375 0.9336318859375 0.8186180671875001 0.9187946703125001 0.78841234375 0.9526732484375 0.8472856312499999 0.9684190156250001
6 0.8421875 0.28046875 0.1421875 0.10234375
6 0.703125 0.33359375 0.14296875 0.1
6 0.60078125 0.52109375 0.1421875 0.096875
6 0.71484375 0.69609375 0.14140625 0.09140625
7 0.5765625 0.40546875 0.14296875 0.10625
7 0.78828125 0.41796875 0.15859375 0.11328125
7 0.7578125 0.525 0.16796875 0.10078125
7 0.6 0.628125 0.1453125 0.09375