6 0.6046875 0.196875 0.175 0.121875
7 0.625 0.43046875 0.175 0.115625
6 0.61328125 0.8546875 0.1640625 0.1140625
7 0.671875 0.32109375 0.175 0.121875
7 0.58984375 0.54375 0.178125 0.11875
6 0.64609375 0.95546875 0.175 0.0890625
6 0.6421875 0.6953125 0.171875 0.1125
0 0.60859375 0.20703125 0.06875 0.0453125
1 0.6359375 0.43203125 0.071875 0.053125
1 0.5859375 0.53671875 0.06875 0.05
5 0.66484375 0.32109375 0.06875 0.046875
3 0.653125 0.6953125 0.06875 0.046875
0 0.6171875 0.86171875 0.06875 0.04375
4 0.53046875 0.790625 0.078125 0.0578125
2 0.65234375 0.96328125 0.0671875 0.04375