6 0.76796875 0.659375 0.109375 0.15625
7 0.5515625 0.68984375 0.109375 0.159375
6 0.16015625 0.66484375 0.10625 0.153125
7 0.6640625 0.725 0.1125 0.1640625
7 0.4421875 0.6484375 0.109375 0.1625
6 0.0515625 0.66953125 0.103125 0.15625
6 0.3234375 0.71875 0.103125 0.159375
0 0.7703125 0.653125 0.04375 0.065625
5 0.5484375 0.703125 0.05 0.0703125
3 0.44140625 0.64609375 0.0484375 0.065625
3 0.66328125 0.72421875 0.0453125 0.065625
3 0.32578125 0.71171875 0.04375 0.065625
3 0.16171875 0.665625 0.040625 0.065625
0 0.26328125 0.6375 0.046875 0.075
1 0.04453125 0.67109375 0.04375 0.0640625