6 0.46640625 0.809375 0.1015625 0.1671875
6 0.6859375 0.70546875 0.09375 0.1625
6 0.55078125 0.409375 0.1 0.15
7 0.57265625 0.7 0.096875 0.16875
7 0.640625 0.51953125 0.109375 0.1578125
7 0.46015625 0.53984375 0.090625 0.153125
5 0.253125 0.9140625 0.059375 0.0765625
5 0.39375 0.71328125 0.05625 0.0703125
5 0.3078125 0.81328125 0.0546875 0.08125
5 0.11484375 0.75703125 0.0625 0.0796875
4 0.309375 0.72578125 0.046875 0.075
4 0.3546875 0.65859375 0.0421875 0.06875
4 0.378125 0.575 0.05 0.078125
2 0.22421875 0.7515625 0.0578125 0.0703125
2 0.20546875 0.61875 0.046875 0.0609375