4 0.38125 0.44765625 0.190625 0.09453125
3 0.55546875 0.53046875 0.140625 0.0953125
4 0.709375 0.5734375 0.15234375 0.1015625
1 0.9375 0.63046875 0.125 0.0953125
3 0.80859375 0.690625 0.1421875 0.0984375
3 0.459375 0.61953125 0.1734375 0.08359375
2 0.60078125 0.71875 0.19609375 0.07890625
2 0.15546875 0.6140625 0.1828125 0.09453125
2 0.334375 0.7234375 0.13203125 0.08828125
5 0.43125 0.8375 0.16015625 0.09609375
0 0.6078125 0.83203125 0.140625 0.08515625
5 0.82109375 0.815625 0.20078125 0.11640625