6 0.63203125 0.95234375 0.16796875 0.0953125
7 0.646875 0.840625 0.16015625 0.11328125
6 0.68203125 0.71640625 0.16640625 0.103125
6 0.65078125 0.60703125 0.15703125 0.10703125
7 0.69296875 0.4609375 0.16171875 0.11015625
6 0.6859375 0.35 0.15859375 0.1046875
7 0.66640625 0.2359375 0.1640625 0.1109375
2 0.6749997546875 0.270721715625 0.720812275 0.24424431875 0.67874789375 0.21071886874999998 0.63039271875 0.24183728750000003 0.6749997546875 0.270721715625
4 0.6918779984375 0.3736960671875 0.7388961843749999 0.34079991249999997 0.6877913515625 0.3110708859375 0.6436542359375 0.344811640625 0.6918779984375 0.3736960671875
2 0.7087563343750001 0.48522210781249997 0.7509521265625 0.4483141953125 0.695327565625 0.427479225 0.653299025 0.461151740625 0.7087563343750001 0.48522210781249997
2 0.6424486593750001 0.7184505421875 0.6967003921875 0.7393115124999999 0.7268402453125 0.7016012671875 0.67741090625 0.684752084375 0.67121168125 0.6813698265625 0.6424486593750001 0.7184505421875
0 0.6617381453125 0.6293901703125 0.67620533125 0.593284621875 0.616950940625 0.5790107703125 0.60145844375 0.621366715625 0.6617381453125 0.6293901703125
3 0.67620533125 0.8714444234375 0.684644453125 0.8257107234375001 0.624487153125 0.8228661703125001 0.6111032328125 0.867432696875 0.67620533125 0.8714444234375
5 0.7413074296875 0.8457693609374999 0.8052038593749999 0.8441646640625 0.79932731875 0.7957711265625 0.7292514875 0.7968262968750001 0.7413074296875 0.8457693609374999
1 0.6147200515625 0.9813657671874999 0.67741090625 0.9629118249999999 0.64968220625 0.921189853125 0.595430471875 0.938841459375 0.6147200515625 0.9813657671874999