7 0.665625 0.35390625 0.15390625 0.10546875
7 0.62109375 0.5453125 0.14765625 0.0984375
6 0.68984375 0.79921875 0.14140625 0.09609375
7 0.6296875 0.9828125 0.15390625 0.03359375
6 0.66328125 0.4515625 0.14375 0.0953125
7 0.69296875 0.6265625 0.14453125 0.096875
6 0.65 0.91640625 0.1484375 0.0984375
6 0.61484375 0.70703125 0.15234375 0.09609375
1 0.67109375 0.35546875 0.0640625 0.04296875
3 0.6203125 0.5453125 0.06796875 0.0484375
3 0.68359375 0.6265625 0.0515625 0.034375
3 0.65859375 0.45625 0.06484375 0.0421875
4 0.565625 0.6390625 0.06796875 0.0484375
5 0.6984375 0.7953125 0.06484375 0.040625
3 0.61484375 0.70234375 0.07421875 0.04609375
3 0.65390625 0.9234375 0.0625 0.04140625