7 0.81796875 0.6 0.1125 0.159375
7 0.6 0.571875 0.103125 0.1609375
7 0.23671875 0.59296875 0.109375 0.153125
7 0.0328125 0.6375 0.065625 0.165625
6 0.70625 0.51328125 0.10625 0.159375
6 0.38828125 0.58828125 0.103125 0.15
6 0.11953125 0.57890625 0.10625 0.16875
6 0.4953125 0.5625 0.1015625 0.1625
5 0.81484375 0.609375 0.04375 0.065625
4 0.49609375 0.56953125 0.04375 0.078125
3 0.603125 0.5640625 0.04375 0.06875
0 0.69609375 0.515625 0.0359375 0.053125
1 0.3953125 0.590625 0.04375 0.06875
5 0.29765625 0.7078125 0.04375 0.071875
3 0.1125 0.5859375 0.046875 0.071875
0 0.2390625 0.60234375 0.040625 0.0625
2 0.01875 0.6484375 0.0375 0.053125