4 0.78046875 0.2984375 0.190625 0.1109375
4 0.60390625 0.34765625 0.16796875 0.14140625
5 0.45703125 0.421875 0.24765625 0.1453125
5 0.28671875 0.51015625 0.21171875 0.1125
2 0.93125 0.45234375 0.13671875 0.1125
2 0.74609375 0.51640625 0.26015625 0.1140625
1 0.97421875 0.60703125 0.05078125 0.1171875
1 0.91875 0.67421875 0.14453125 0.1171875
0 0.6484375 0.72734375 0.1 0.0671875
0 0.4828125 0.784375 0.12578125 0.059375
3 0.4421875 0.66640625 0.165625 0.078125
3 0.278125 0.69453125 0.159375 0.1234375