7 0.7453125 0.39140625 0.115625 0.1640625
7 0.52421875 0.42890625 0.10625 0.165625
7 0.1515625 0.40625 0.109375 0.1578125
6 0.6328125 0.48671875 0.109375 0.1625
6 0.30546875 0.415625 0.10625 0.1546875
6 0.0421875 0.43125 0.084375 0.16875
6 0.41640625 0.44453125 0.103125 0.165625
5 0.74609375 0.38046875 0.046875 0.0671875
4 0.41640625 0.43125 0.04375 0.071875
3 0.52109375 0.4390625 0.04375 0.06875
0 0.628125 0.4859375 0.0375 0.05625
1 0.31171875 0.4078125 0.0453125 0.06875
5 0.21171875 0.29921875 0.05 0.08125
3 0.02734375 0.421875 0.046875 0.071875
0 0.15703125 0.40234375 0.040625 0.0625