7 0.5796875 0.221875 0.1703125 0.128125
7 0.62265625 0.46953125 0.16484375 0.1140625
7 0.7109375 0.80625 0.1671875 0.10625
7 0.6078125 0.97578125 0.171875 0.0484375
6 0.5125 0.36484375 0.15546875 0.11953125
6 0.65859375 0.69921875 0.165625 0.10546875
6 0.609375 0.89609375 0.153125 0.10390625
6 0.5890625 0.58203125 0.1609375 0.10625
5 0.5875 0.21484375 0.0640625 0.04296875
4 0.61328125 0.98828125 0.06640625 0.0234375
3 0.62265625 0.475 0.06796875 0.0484375
0 0.6015625 0.5828125 0.0515625 0.034375
1 0.5140625 0.36484375 0.06484375 0.0421875
2 0.6640625 0.69375 0.07578125 0.04609375
5 0.7046875 0.8046875 0.06796875 0.04375
1 0.7953125 0.7484375 0.071875 0.0375
2 0.61796875 0.9015625 0.05078125 0.04375