7 0.3015625 0.63359375 0.15625 0.109375
7 0.34765625 0.440625 0.15 0.1
6 0.27734375 0.18984375 0.146875 0.0984375
7 0.33203125 0.009375 0.1578125 0.01875
6 0.3 0.53359375 0.15625 0.1
7 0.2703125 0.359375 0.15625 0.1
6 0.31875 0.07109375 0.1484375 0.1
6 0.35390625 0.27734375 0.15625 0.096875
1 0.2921875 0.63046875 0.065625 0.04375
3 0.34765625 0.43984375 0.06875 0.05
3 0.27734375 0.3609375 0.059375 0.040625
3 0.31171875 0.53125 0.065625 0.04375
4 0.40390625 0.34609375 0.065625 0.04375
5 0.26875 0.190625 0.065625 0.040625
3 0.3484375 0.28359375 0.075 0.046875
3 0.31484375 0.06171875 0.0640625 0.0421875