6 0.12421875 0.34375 0.125 0.1765625
7 0.41484375 0.378125 0.125 0.184375
6 0.87265625 0.3484375 0.121875 0.1921875
7 0.25703125 0.328125 0.1328125 0.19375
7 0.54453125 0.35234375 0.121875 0.1921875
6 0.97421875 0.353125 0.0515625 0.175
6 0.70234375 0.3734375 0.1203125 0.1859375
3 0.13203125 0.32890625 0.0515625 0.084375
5 0.43046875 0.35859375 0.0515625 0.090625
1 0.53984375 0.36484375 0.046875 0.065625
4 0.2546875 0.33828125 0.05625 0.071875
3 0.703125 0.35390625 0.059375 0.084375
0 0.8765625 0.33984375 0.040625 0.065625
4 0.7828125 0.4671875 0.0546875 0.0765625
2 0.9890625 0.3359375 0.021875 0.065625