6 0.2625 0.6015625 0.1125 0.1625
6 0.47109375 0.7140625 0.10625 0.1625
6 0.6859375 0.78125 0.1 0.159375
6 0.56640625 0.4109375 0.10625 0.171875
7 0.365625 0.6671875 0.1078125 0.1625
7 0.496875 0.5359375 0.115625 0.16875
7 0.57890625 0.6953125 0.1015625 0.171875
7 0.6671875 0.51953125 0.10625 0.165625
5 0.90234375 0.840625 0.0625 0.078125
5 0.8421875 0.75390625 0.04375 0.0671875
5 0.74140625 0.67734375 0.046875 0.0640625
4 0.834375 0.67578125 0.053125 0.06875
4 0.78125 0.61640625 0.046875 0.0625
4 0.7515625 0.54140625 0.046875 0.08125
5 0.99453125 0.67578125 0.0109375 0.0828125
2 0.91796875 0.68046875 0.046875 0.078125
2 0.9203125 0.546875 0.0375 0.0625