5 0.29765625 0.528125 0.16328125 0.1140625
5 0.459375 0.43984375 0.165625 0.13359375
4 0.60234375 0.35859375 0.17265625 0.1109375
4 0.77734375 0.29609375 0.18359375 0.1015625
2 0.93984375 0.4453125 0.1203125 0.09921875
2 0.7890625 0.5109375 0.1734375 0.0921875
1 0.98125 0.58515625 0.0375 0.0796875
1 0.9296875 0.66484375 0.140625 0.09921875
0 0.68203125 0.7171875 0.13203125 0.0921875
0 0.5265625 0.77578125 0.13515625 0.0765625
3 0.471875 0.67109375 0.18984375 0.0875
3 0.29765625 0.70078125 0.15546875 0.08828125