6 0.89609375 0.69453125 0.134375 0.196875
7 0.5984375 0.6640625 0.13125 0.2
6 0.128125 0.68671875 0.128125 0.190625
7 0.7671875 0.7109375 0.13125 0.196875
7 0.46875 0.6765625 0.128125 0.196875
6 0.02578125 0.68984375 0.0515625 0.1953125
6 0.3046875 0.6640625 0.125 0.196875
3 0.89765625 0.71328125 0.0578125 0.08125
5 0.5890625 0.67265625 0.05 0.078125
1 0.47578125 0.6671875 0.059375 0.0484375
4 0.765625 0.69765625 0.0546875 0.078125
3 0.309375 0.6796875 0.0515625 0.075
0 0.134375 0.69765625 0.034375 0.0359375
4 0.2234375 0.5671875 0.0578125 0.08125
2 0.01171875 0.7015625 0.0234375 0.046875