6 0.353125 0.09296875 0.1875 0.13125
7 0.3890625 0.4 0.1953125 0.13125
6 0.35859375 0.8828125 0.203125 0.128125
7 0.3359375 0.2328125 0.203125 0.140625
7 0.3625 0.53671875 0.203125 0.128125
6 0.3625 0.98203125 0.184375 0.0359375
6 0.384375 0.703125 0.196875 0.128125
3 0.3375 0.1015625 0.0875 0.0546875
5 0.36875 0.4171875 0.096875 0.0546875
1 0.37578125 0.53203125 0.06875 0.05
4 0.34765625 0.23046875 0.075 0.059375
3 0.3640625 0.70390625 0.0875 0.0625
0 0.34921875 0.8875 0.06875 0.04375
4 0.48359375 0.78828125 0.08125 0.0578125
2 0.34453125 0.996875 0.06875 0.00625