6 0.62109375 0.2203125 0.165625 0.121875
7 0.63671875 0.459375 0.175 0.115625
6 0.6140625 0.89765625 0.1625 0.1125
7 0.684375 0.34453125 0.175 0.121875
7 0.59921875 0.571875 0.178125 0.1171875
6 0.6484375 0.978125 0.175 0.04375
6 0.64609375 0.73671875 0.16875 0.1125
0 0.62578125 0.22421875 0.06875 0.0453125
1 0.64375 0.459375 0.071875 0.0515625
1 0.590625 0.5671875 0.06875 0.05
5 0.671875 0.346875 0.06875 0.046875
3 0.65859375 0.73125 0.06875 0.0453125
0 0.6109375 0.896875 0.06875 0.04375
4 0.5328125 0.8296875 0.078125 0.053125
2 0.65390625 0.99296875 0.065625 0.0140625