6 0.67265625 0.1125 0.17578125 0.12421875
7 0.64609375 0.3984375 0.184375 0.12421875
6 0.66953125 0.84375 0.190625 0.12109375
7 0.690625 0.24140625 0.184375 0.128125
7 0.66171875 0.52109375 0.19140625 0.12109375
6 0.66953125 0.959375 0.1734375 0.08046875
6 0.64453125 0.675 0.175 0.11640625
3 0.68359375 0.1171875 0.0828125 0.0515625
5 0.65 0.40703125 0.090625 0.0515625
1 0.64765625 0.51328125 0.0640625 0.046875
4 0.67578125 0.23984375 0.0703125 0.05546875
3 0.65703125 0.6765625 0.0828125 0.059375
0 0.675 0.8453125 0.06484375 0.040625
4 0.5546875 0.7546875 0.07421875 0.0546875
2 0.67578125 0.9703125 0.0640625 0.05234375