7 0.23515625 0.36796875 0.128125 0.175
7 0.484375 0.33515625 0.115625 0.165625
7 0.82734375 0.265625 0.1140625 0.1796875
7 0.98828125 0.37734375 0.0234375 0.184375
6 0.3765625 0.43203125 0.11875 0.165625
6 0.7171875 0.31015625 0.109375 0.1671875
6 0.915625 0.36640625 0.1109375 0.1640625
6 0.596875 0.375 0.1140625 0.1734375
5 0.23046875 0.359375 0.046875 0.06875
3 0.48671875 0.33046875 0.053125 0.0734375
0 0.59375 0.35703125 0.0375 0.05625
1 0.38046875 0.43984375 0.0453125 0.06875
2 0.709375 0.303125 0.05 0.08125
5 0.82109375 0.2703125 0.046875 0.071875
1 0.7671875 0.17109375 0.040625 0.078125
2 0.91796875 0.359375 0.046875 0.0546875