6 0.36640625 0.21171875 0.159375 0.115625
7 0.3515625 0.440625 0.165625 0.109375
6 0.3734375 0.8609375 0.15625 0.109375
7 0.30625 0.33046875 0.1671875 0.115625
7 0.4 0.5484375 0.1703125 0.1125
6 0.353125 0.96015625 0.1671875 0.0796875
6 0.3453125 0.70625 0.1609375 0.10625
0 0.3625 0.215625 0.065625 0.04375
1 0.34453125 0.440625 0.06875 0.05
1 0.41015625 0.54921875 0.065625 0.046875
5 0.31796875 0.33359375 0.065625 0.0453125
3 0.3375 0.7078125 0.065625 0.04375
0 0.38125 0.86640625 0.065625 0.040625
4 0.46796875 0.7984375 0.075 0.05
2 0.35 0.9703125 0.0625 0.0421875