7 0.41875 0.7765625 0.1734375 0.13125
7 0.37421875 0.525 0.1671875 0.115625
7 0.28515625 0.1828125 0.16875 0.1078125
7 0.38984375 0.01796875 0.175 0.034375
6 0.48671875 0.63125 0.159375 0.121875
6 0.33828125 0.29140625 0.16875 0.10625
6 0.38828125 0.09140625 0.15625 0.10625
6 0.40859375 0.41015625 0.1640625 0.1078125
5 0.41015625 0.78359375 0.065625 0.04375
4 0.38359375 0.0046875 0.06875 0.009375
3 0.37421875 0.51875 0.06875 0.05
0 0.39609375 0.409375 0.053125 0.034375
1 0.48515625 0.63125 0.065625 0.04375
2 0.33203125 0.296875 0.078125 0.046875
5 0.29140625 0.184375 0.06875 0.04375
1 0.19921875 0.24140625 0.0734375 0.0375
2 0.3796875 0.0859375 0.0515625 0.04375