6 0.6671875 0.1390625 0.18828125 0.128125
7 0.63828125 0.4234375 0.1921875 0.12578125
6 0.659375 0.87421875 0.1828125 0.121875
7 0.6828125 0.2625 0.18828125 0.1265625
7 0.65 0.5484375 0.1875 0.121875
6 0.66328125 0.97421875 0.1875 0.0515625
6 0.6375 0.70546875 0.18828125 0.1203125
3 0.68515625 0.1375 0.07734375 0.05546875
5 0.646875 0.4328125 0.075 0.0484375
1 0.64140625 0.54140625 0.046875 0.05625
4 0.66953125 0.26328125 0.075 0.05234375
3 0.653125 0.70078125 0.071875 0.04921875
0 0.6703125 0.86875 0.034375 0.0328125
4 0.5453125 0.78359375 0.07890625 0.05546875
2 0.675 0.9875 0.0453125 0.02421875