7 0.79609375 0.41640625 0.13125 0.175
7 0.54140625 0.371875 0.1171875 0.16875
7 0.1953125 0.28125 0.109375 0.171875
7 0.0234375 0.3875 0.046875 0.1765625
6 0.6484375 0.48515625 0.121875 0.159375
6 0.30546875 0.33515625 0.109375 0.1703125
6 0.103125 0.3859375 0.10625 0.15625
6 0.42578125 0.40625 0.109375 0.165625
5 0.80234375 0.4078125 0.04375 0.065625
4 0.01015625 0.38125 0.0203125 0.06875
3 0.53515625 0.371875 0.05 0.0703125
0 0.425 0.39375 0.034375 0.053125
1 0.6484375 0.48359375 0.04375 0.065625
2 0.3109375 0.32890625 0.046875 0.078125
5 0.196875 0.2875 0.0453125 0.06875
1 0.2546875 0.19453125 0.0375 0.075
2 0.09765625 0.3765625 0.04375 0.053125