7 0.6796875 0.665625 0.109375 0.159375
7 0.48203125 0.6140625 0.1015625 0.153125
6 0.2203125 0.68515625 0.103125 0.15
7 0.02109375 0.6265625 0.0421875 0.159375
6 0.578125 0.6609375 0.096875 0.1484375
7 0.39375 0.6984375 0.1 0.1578125
6 0.0921875 0.64375 0.1015625 0.153125
6 0.3125 0.609375 0.1 0.15625
1 0.6765625 0.67578125 0.04375 0.065625
4 0.00625 0.63046875 0.0125 0.0765625
3 0.478125 0.6171875 0.05 0.0703125
3 0.3953125 0.68671875 0.0359375 0.053125
3 0.57421875 0.65859375 0.04375 0.0671875
4 0.38203125 0.56484375 0.05 0.0703125
5 0.2203125 0.7 0.0421875 0.0671875
3 0.315625 0.6140625 0.046875 0.0765625
3 0.0890625 0.64921875 0.04375 0.065625