6 0.6890625 0.240625 0.15625 0.109375
7 0.721875 0.45390625 0.1609375 0.109375
6 0.69609375 0.83828125 0.1546875 0.1078125
7 0.75625 0.34375 0.165625 0.10625
7 0.68125 0.55703125 0.165625 0.103125
6 0.70625 0.94765625 0.1578125 0.1
6 0.74296875 0.67890625 0.1578125 0.0984375
0 0.6828125 0.23828125 0.065625 0.04375
5 0.73203125 0.45703125 0.0703125 0.05
3 0.6734375 0.56171875 0.0609375 0.0421875
3 0.7546875 0.34375 0.0671875 0.04375
3 0.74453125 0.67578125 0.065625 0.04375
3 0.68671875 0.840625 0.0671875 0.0421875
0 0.675 0.740625 0.0765625 0.046875
1 0.7 0.9515625 0.065625 0.04375