7 0.6234375 0.7640625 0.159375 0.115625
7 0.5953125 0.55234375 0.1578125 0.1015625
7 0.6125 0.19453125 0.15 0.10625
7 0.63984375 0.01328125 0.1625 0.0265625
6 0.53828125 0.65546875 0.159375 0.1
6 0.6078125 0.3421875 0.146875 0.1
6 0.59375 0.07890625 0.1625 0.1015625
6 0.58046875 0.4453125 0.1578125 0.1
5 0.6359375 0.76484375 0.065625 0.04375
4 0.58984375 0.44296875 0.06875 0.04375
3 0.58203125 0.55 0.065625 0.0421875
0 0.5375 0.64609375 0.053125 0.034375
1 0.6078125 0.34609375 0.065625 0.04375
5 0.71640625 0.246875 0.078125 0.046875
3 0.596875 0.071875 0.06875 0.0453125
0 0.61796875 0.19453125 0.0609375 0.040625