6 0.5953125 0.184375 0.1515625 0.1015625
6 0.61015625 0.39453125 0.14296875 0.096875
6 0.61484375 0.78046875 0.13515625 0.09140625
7 0.6125 0.28671875 0.14765625 0.103125
7 0.60390625 0.54453125 0.140625 0.09453125
6 0.59375 0.928125 0.13671875 0.09140625
7 0.6 0.640625 0.14375 0.090625
3 0.6015625 0.18203125 0.0703125 0.04765625
3 0.61328125 0.3921875 0.0640625 0.04453125
5 0.60390625 0.5421875 0.0546875 0.046875
5 0.6296875 0.27890625 0.075 0.05234375
1 0.58671875 0.64140625 0.0546875 0.0453125
0 0.62109375 0.7734375 0.034375 0.0328125
3 0.521875 0.721875 0.0640625 0.04296875
2 0.590625 0.92578125 0.0453125 0.053125