7 0.24453125 0.61953125 0.11875 0.1546875
7 0.4484375 0.58984375 0.1 0.1546875
7 0.79375 0.6125 0.103125 0.146875
7 0.9765625 0.6359375 0.046875 0.159375
6 0.34921875 0.5390625 0.1 0.153125
6 0.6515625 0.60625 0.0984375 0.14375
6 0.90234375 0.58984375 0.1 0.159375
6 0.55234375 0.57734375 0.096875 0.1546875
5 0.2421875 0.63203125 0.04375 0.065625
4 0.55 0.5890625 0.0421875 0.0671875
3 0.45078125 0.58359375 0.040625 0.065625
0 0.35859375 0.53515625 0.034375 0.0515625
1 0.646875 0.61015625 0.0421875 0.065625
5 0.73828125 0.7109375 0.046875 0.0765625
3 0.909375 0.59375 0.04375 0.06875
0 0.7890625 0.6140625 0.0390625 0.059375
2 0.98984375 0.64921875 0.0203125 0.0515625