6 0.2578125 0.70078125 0.115625 0.1703125
6 0.46953125 0.815625 0.1046875 0.15625
6 0.56796875 0.50234375 0.10625 0.16875
6 0.69375 0.88046875 0.10625 0.165625
7 0.3640625 0.771875 0.1125 0.178125
7 0.58203125 0.7953125 0.109375 0.16875
7 0.49921875 0.6359375 0.1046875 0.159375
7 0.6734375 0.6171875 0.109375 0.16875
5 0.9078125 0.9453125 0.05 0.084375
5 0.84609375 0.8515625 0.0515625 0.075
5 0.75 0.77421875 0.053125 0.0703125
4 0.83671875 0.771875 0.046875 0.0734375
4 0.7859375 0.70859375 0.0453125 0.06875
4 0.75 0.634375 0.05 0.075
2 0.925 0.7765625 0.0484375 0.075
2 0.92265625 0.64375 0.0421875 0.071875