7 0.28125 0.4078125 0.121875 0.16875
7 0.5203125 0.3765625 0.1109375 0.159375
7 0.85078125 0.309375 0.109375 0.171875
7 0.996875 0.41796875 0.00625 0.1765625
6 0.4171875 0.46953125 0.115625 0.159375
6 0.74453125 0.35234375 0.10625 0.1609375
6 0.9359375 0.40625 0.10625 0.1578125
6 0.6296875 0.4140625 0.109375 0.165625
5 0.2765625 0.4 0.04375 0.065625
3 0.52265625 0.371875 0.05 0.0703125
0 0.62578125 0.39765625 0.0359375 0.053125
1 0.4203125 0.47734375 0.04375 0.0671875
2 0.7375 0.3453125 0.046875 0.078125
5 0.8453125 0.3140625 0.0453125 0.0703125
1 0.79296875 0.21796875 0.0375 0.075
2 0.93828125 0.39921875 0.04375 0.053125