6 0.32734375 0.3171875 0.1125 0.159375
6 0.58203125 0.3484375 0.1078125 0.159375
7 0.21875 0.3375 0.1125 0.1625
7 0.4390625 0.303125 0.1125 0.165625
6 0.92578125 0.35390625 0.1140625 0.1703125
7 0.8125 0.340625 0.109375 0.1640625
2 0.22265625 0.3296875 0.046875 0.034375
4 0.32421875 0.30625 0.05 0.0703125
2 0.4328125 0.29765625 0.053125 0.0375
0 0.5796875 0.35859375 0.028125 0.0421875
6 0.6890625 0.30859375 0.103125 0.153125
2 0.6859375 0.3078125 0.028125 0.06875
5 0.79453125 0.221875 0.040625 0.0625
3 0.81953125 0.340625 0.0453125 0.05625
1 0.925 0.34765625 0.046875 0.05625