6 0.6890625 0.2671875 0.1625 0.1109375
6 0.7984375 0.4703125 0.14921875 0.1
6 0.49921875 0.5640625 0.1625 0.10078125
6 0.8609375 0.68515625 0.159375 0.10234375
7 0.75703125 0.36875 0.1703125 0.1078125
7 0.77890625 0.578125 0.1609375 0.1046875
7 0.6265625 0.4984375 0.15234375 0.10078125
7 0.60859375 0.665625 0.1625 0.10390625
5 0.92265625 0.88984375 0.0796875 0.0484375
5 0.8328125 0.83125 0.071875 0.04921875
5 0.759375 0.7390625 0.0671875 0.0515625
4 0.75703125 0.821875 0.0703125 0.04609375
4 0.69609375 0.77265625 0.065625 0.04296875
4 0.62578125 0.7390625 0.071875 0.0484375
5 0.74609375 0.9890625 0.0640625 0.021875
2 0.76171875 0.90625 0.071875 0.046875
2 0.63359375 0.9046875 0.06796875 0.040625