6 0.74921875 0.6640625 0.1125 0.159375
7 0.5421875 0.69921875 0.1125 0.1625
6 0.15546875 0.68984375 0.109375 0.1578125
7 0.65 0.72890625 0.115625 0.165625
7 0.43359375 0.66328125 0.1125 0.165625
6 0.05 0.6953125 0.1 0.159375
6 0.31015625 0.73515625 0.10625 0.1625
0 0.7515625 0.6578125 0.04375 0.0671875
5 0.53828125 0.7109375 0.05 0.071875
3 0.43203125 0.65234375 0.05 0.06875
3 0.64609375 0.7328125 0.046875 0.06875
3 0.3140625 0.72734375 0.0453125 0.06875
3 0.15234375 0.68125 0.04375 0.06875
0 0.2515625 0.65625 0.0484375 0.078125
1 0.03828125 0.68828125 0.04375 0.065625