7 0.315625 0.4 0.115625 0.1578125
7 0.54296875 0.37109375 0.1 0.15
7 0.85546875 0.30390625 0.1078125 0.1515625
6 0.44375 0.46640625 0.103125 0.1515625
6 0.75859375 0.34921875 0.103125 0.1578125
6 0.93828125 0.39921875 0.096875 0.15
6 0.64609375 0.41015625 0.096875 0.14375
5 0.30859375 0.3859375 0.04375 0.065625
3 0.5421875 0.36796875 0.05 0.06875
0 0.64375 0.3953125 0.034375 0.0515625
1 0.4453125 0.46484375 0.0421875 0.065625
2 0.74765625 0.33671875 0.046875 0.078125
5 0.85 0.30859375 0.04375 0.06875
1 0.80078125 0.21953125 0.0375 0.071875
0 0.93984375 0.3890625 0.04375 0.0515625