1 0.80990759375 0.655777834375 0.7500275734375 0.6699551734375 0.7721343296875001 0.7101123078125 0.8310856796874999 0.6973795093749999 0.80990759375 0.655777834375
1 0.8412602828125 1 0.85693838125 0.9768460781250001 0.8007680718750001 0.9573609953125001 0.7730863046875001 0.9942604640624999 0.7929499984375 1 0.8412602828125 1
0 0.792578034375 0.7330192624999999 0.7508131421875001 0.7635198453125 0.799290071875 0.791382871875 0.8425263296875001 0.7556833593750001 0.792578034375 0.7330192624999999
0 0.764731909375 0.7765807640625 0.7141278265625 0.8009607703125001 0.756053815625 0.8349188375000001 0.8006002406249999 0.8044436609375 0.764731909375 0.7765807640625
2 0.8189428984375 0.8488503984375001 0.7442622 0.8479796265624999 0.7521233109375001 0.8932570046875 0.8202530671874999 0.889774146875 0.8189428984375 0.8488503984375001
4 0.6328961859375 0.82999199375 0.5988312078125 0.8691743625000001 0.6564795171875 0.8918130515625 0.689234228125 0.8517599765625 0.6334752546875 0.829828025 0.6328961859375 0.82999199375
5 0.767525040625 0.8993085093750001 0.7027277749999999 0.899095771875 0.704126846875 0.9395406796874999 0.7670836750000001 0.940005575 0.767525040625 0.8993085093750001
5 0.7123440484375 1 0.7349056968750001 0.968828396875 0.679195940625 0.9504757625 0.6495642421875 0.987888675 0.68984929375 1 0.7123440484375 1
6 0.81953125 0.284375 0.153125 0.109375
6 0.67578125 0.3421875 0.153125 0.10625
6 0.5671875 0.54140625 0.1625 0.1078125
6 0.68671875 0.7203125 0.159375 0.1
7 0.5421875 0.4171875 0.1640625 0.1046875
7 0.76328125 0.4296875 0.1546875 0.1078125
7 0.7359375 0.54453125 0.165625 0.103125
7 0.57109375 0.65078125 0.15625 0.10625