6 0.8859375 0.34765625 0.13125 0.1921875
7 0.59296875 0.375 0.128125 0.196875
6 0.13671875 0.3546875 0.125 0.1875
7 0.753125 0.334375 0.128125 0.1921875
7 0.4671875 0.35859375 0.125 0.1921875
6 0.03203125 0.34765625 0.0640625 0.190625
6 0.3046875 0.37578125 0.1234375 0.1921875
3 0.88359375 0.33828125 0.05625 0.078125
5 0.58359375 0.36640625 0.05 0.0765625
1 0.4765625 0.37109375 0.0578125 0.046875
4 0.75703125 0.3453125 0.053125 0.0765625
3 0.309375 0.3609375 0.05 0.0734375
0 0.13828125 0.34140625 0.034375 0.034375
4 0.228125 0.4703125 0.05625 0.08125
2 0.0171875 0.3390625 0.034375 0.046875