7 0.35546875 0.703125 0.1109375 0.159375
7 0.553125 0.65546875 0.103125 0.153125
6 0.809375 0.72734375 0.1 0.15
7 0.9921875 0.67265625 0.015625 0.1625
6 0.4578125 0.7046875 0.1 0.159375
7 0.6359375 0.734375 0.1 0.159375
6 0.93046875 0.6859375 0.103125 0.1515625
6 0.71953125 0.64921875 0.1 0.159375
1 0.35859375 0.7125 0.04375 0.0671875
3 0.553125 0.65546875 0.05 0.071875
3 0.63359375 0.72734375 0.040625 0.059375
3 0.46015625 0.6921875 0.04375 0.06875
4 0.64921875 0.5984375 0.04375 0.0671875
5 0.8078125 0.7359375 0.0421875 0.06875
3 0.71328125 0.6546875 0.0484375 0.078125
3 0.93984375 0.6890625 0.04375 0.065625