6 0.09765625 0.65 0.134375 0.196875
7 0.396875 0.621875 0.13125 0.2
6 0.8625 0.64296875 0.128125 0.190625
7 0.23359375 0.66328125 0.13125 0.196875
7 0.525 0.6390625 0.128125 0.196875
6 0.96875 0.65078125 0.0625 0.19375
6 0.69140625 0.62109375 0.125 0.196875
3 0.1 0.66015625 0.0578125 0.08125
5 0.40625 0.63046875 0.05 0.078125
1 0.515625 0.6265625 0.059375 0.0484375
4 0.22890625 0.653125 0.0546875 0.078125
3 0.68671875 0.63671875 0.0515625 0.075
0 0.8609375 0.65703125 0.034375 0.0359375
4 0.76953125 0.525 0.0578125 0.08125
2 0.98359375 0.65859375 0.0328125 0.046875