6 0.678125 0.10625 0.178125 0.125
7 0.65078125 0.39453125 0.1875 0.125
6 0.675 0.8453125 0.19375 0.121875
7 0.69609375 0.23671875 0.1875 0.1296875
7 0.6671875 0.51875 0.19375 0.121875
6 0.675 0.96015625 0.175 0.078125
6 0.64921875 0.67421875 0.178125 0.1171875
3 0.6890625 0.11015625 0.084375 0.0515625
5 0.65546875 0.403125 0.090625 0.0515625
1 0.65234375 0.5109375 0.065625 0.046875
4 0.68125 0.234375 0.071875 0.05625
3 0.6625 0.67578125 0.084375 0.059375
0 0.68046875 0.846875 0.065625 0.040625
4 0.55859375 0.7546875 0.075 0.0546875
2 0.68125 0.97265625 0.065625 0.053125