7 0.671875 0.34140625 0.15390625 0.10546875
7 0.621875 0.53515625 0.14765625 0.0984375
6 0.684375 0.78671875 0.146875 0.096875
7 0.62734375 0.98125 0.15390625 0.0375
6 0.6640625 0.4390625 0.14375 0.0953125
7 0.69453125 0.61953125 0.15234375 0.096875
6 0.6453125 0.91015625 0.1484375 0.0984375
6 0.61171875 0.70078125 0.15234375 0.09609375
1 0.6796875 0.346875 0.0640625 0.04296875
4 0.62890625 0.9953125 0.06640625 0.00859375
3 0.61796875 0.53671875 0.06796875 0.0484375
3 0.68984375 0.61796875 0.0515625 0.034375
3 0.6578125 0.44453125 0.06484375 0.0421875
4 0.5671875 0.63203125 0.0609375 0.04609375
5 0.69921875 0.790625 0.059375 0.0390625
3 0.61171875 0.69453125 0.071875 0.0390625
3 0.65078125 0.91484375 0.0625 0.04140625