6 0.60234375 0.159375 0.1578125 0.09765625
7 0.6125 0.37734375 0.13671875 0.1
6 0.62109375 0.7625 0.13984375 0.0875
7 0.6140625 0.25703125 0.146875 0.09296875
7 0.6125 0.5296875 0.134375 0.09453125
6 0.5984375 0.91328125 0.1359375 0.0921875
7 0.60546875 0.628125 0.14375 0.0921875
3 0.60546875 0.16328125 0.07421875 0.04765625
3 0.621875 0.371875 0.065625 0.04296875
5 0.609375 0.525 0.06171875 0.04140625
4 0.62578125 0.25390625 0.0625 0.0421875
1 0.59375 0.625 0.05546875 0.0421875
0 0.6296875 0.759375 0.034375 0.0328125
3 0.52890625 0.709375 0.06171875 0.03828125
2 0.6046875 0.91171875 0.04375 0.04140625