7 0.21328125 0.33125 0.1 0.15
7 0.434375 0.3546875 0.103125 0.153125
7 0.7890625 0.3484375 0.1 0.1515625
7 0.9796875 0.3046875 0.040625 0.1515625
6 0.3171875 0.3328125 0.10625 0.15625
6 0.54609375 0.303125 0.1015625 0.15
6 0.69140625 0.3015625 0.090625 0.15
6 0.89765625 0.3015625 0.10625 0.1578125
2 0.21640625 0.3328125 0.040625 0.0625
4 0.325 0.3328125 0.04375 0.078125
3 0.43359375 0.3484375 0.04375 0.0671875
0 0.54375 0.31328125 0.0359375 0.053125
4 0.69375 0.303125 0.04375 0.0671875
5 0.7578125 0.23515625 0.0375 0.0734375
1 0.784375 0.34296875 0.0375 0.0640625
3 0.90390625 0.2984375 0.040625 0.0625
0 0.99296875 0.30390625 0.0125 0.0515625