6 0.31796875 0.3265625 0.11875 0.16875
6 0.58828125 0.36015625 0.1140625 0.16875
7 0.203125 0.3484375 0.11875 0.1734375
7 0.43671875 0.31171875 0.11875 0.175
6 0.94609375 0.36640625 0.10625 0.18125
7 0.8328125 0.3515625 0.115625 0.1734375
2 0.20625 0.340625 0.05 0.0375
4 0.3140625 0.31484375 0.053125 0.075
2 0.4296875 0.30625 0.05625 0.0390625
0 0.58515625 0.3703125 0.028125 0.04375
6 0.7015625 0.3171875 0.109375 0.1625
2 0.6984375 0.3171875 0.028125 0.0734375
5 0.81328125 0.22578125 0.04375 0.065625
3 0.840625 0.3515625 0.046875 0.0609375
1 0.9515625 0.35859375 0.05 0.0609375