6 0.69609375 0.246875 0.15234375 0.10625
7 0.721875 0.4546875 0.15546875 0.10625
6 0.7 0.834375 0.15 0.1046875
7 0.75625 0.34453125 0.16015625 0.10234375
7 0.6875 0.5609375 0.16640625 0.10703125
6 0.7078125 0.93828125 0.153125 0.10078125
6 0.75078125 0.6765625 0.15390625 0.10078125
0 0.68828125 0.24375 0.0640625 0.04296875
5 0.734375 0.45859375 0.06796875 0.0484375
3 0.68046875 0.56171875 0.0640625 0.046875
3 0.759375 0.34375 0.06484375 0.04453125
3 0.7484375 0.675 0.0640625 0.04296875
3 0.7 0.834375 0.06484375 0.040625
0 0.6734375 0.7359375 0.07421875 0.04609375
1 0.709375 0.9453125 0.0625 0.04140625