7 0.33515625 0.3140625 0.109375 0.1609375
7 0.53515625 0.359375 0.103125 0.1546875
6 0.7984375 0.290625 0.1 0.153125
7 0.99140625 0.35859375 0.0171875 0.1578125
6 0.43828125 0.31328125 0.1 0.15
7 0.62421875 0.28359375 0.1 0.159375
6 0.93046875 0.3390625 0.103125 0.1546875
6 0.7078125 0.37109375 0.1 0.159375
1 0.3375 0.30234375 0.04375 0.0671875
3 0.53828125 0.36171875 0.05 0.071875
3 0.62421875 0.29140625 0.0359375 0.053125
3 0.44296875 0.3203125 0.04375 0.06875
4 0.634375 0.421875 0.0484375 0.0625
5 0.79921875 0.2828125 0.040625 0.0625
3 0.7015625 0.36796875 0.040625 0.075
3 0.934375 0.3296875 0.0421875 0.0625