6 0.6859375 0.24375 0.15234375 0.10625
7 0.7140625 0.45 0.15546875 0.10625
6 0.69140625 0.82265625 0.15078125 0.1015625
7 0.734375 0.98671875 0.15234375 0.0265625
7 0.74765625 0.34296875 0.15546875 0.10546875
7 0.67578125 0.55234375 0.15234375 0.096875
6 0.69609375 0.925 0.1484375 0.0984375
6 0.73359375 0.66640625 0.15390625 0.1
0 0.6765625 0.23984375 0.0640625 0.04296875
5 0.725 0.453125 0.06796875 0.0484375
3 0.66875 0.55625 0.05703125 0.03984375
3 0.74375 0.34453125 0.06484375 0.0421875
3 0.73515625 0.66796875 0.0578125 0.046875
3 0.690625 0.821875 0.06484375 0.040625
0 0.66328125 0.72421875 0.07421875 0.04609375
1 0.69375 0.93125 0.0625 0.04140625