6 0.65703125 0.1234375 0.18828125 0.128125
7 0.63046875 0.409375 0.1921875 0.12578125
6 0.65078125 0.85625 0.1828125 0.121875
7 0.6703125 0.253125 0.18828125 0.1265625
7 0.646875 0.5328125 0.1875 0.121875
6 0.6578125 0.9640625 0.18671875 0.071875
6 0.6296875 0.69140625 0.18828125 0.1203125
3 0.6671875 0.125 0.07734375 0.05546875
5 0.6390625 0.41875 0.075 0.0484375
1 0.63515625 0.52421875 0.046875 0.05625
4 0.66015625 0.24921875 0.075 0.05234375
3 0.64453125 0.6875 0.071875 0.04921875
0 0.6640625 0.8546875 0.034375 0.0328125
4 0.5375 0.76640625 0.07890625 0.05546875
2 0.665625 0.978125 0.0453125 0.04375