7 0.64765625 0.22109375 0.1734375 0.10625
6 0.6703125 0.33359375 0.15859375 0.109375
4 0.675 0.32734375 0.06484375 0.04453125
7 0.678125 0.44453125 0.1703125 0.11328125
7 0.6375 0.8203125 0.16640625 0.11328125
6 0.63203125 0.5859375 0.1578125 0.10703125
6 0.6234375 0.9359375 0.16875 0.10859375
6 0.66328125 0.69375 0.15390625 0.10859375
2 0.66015625 0.22890625 0.0640625 0.04296875
2 0.68515625 0.4421875 0.06796875 0.0484375
0 0.628125 0.58984375 0.0515625 0.03671875
2 0.6765625 0.6921875 0.0640625 0.04296875
3 0.6390625 0.82578125 0.06484375 0.040625
1 0.6296875 0.9328125 0.0625 0.04140625
5 0.75625 0.8015625 0.059375 0.03984375