6 0.68515625 0.1390625 0.18828125 0.128125
7 0.6421875 0.41640625 0.1921875 0.12578125
6 0.6703125 0.86640625 0.1828125 0.121875
7 0.68828125 0.2671875 0.18828125 0.1265625
7 0.6609375 0.5421875 0.1875 0.121875
6 0.6671875 0.9703125 0.1875 0.059375
6 0.64296875 0.69609375 0.18828125 0.1203125
3 0.68828125 0.13359375 0.07734375 0.05546875
5 0.6484375 0.42421875 0.075 0.0484375
1 0.646875 0.53203125 0.046875 0.05625
4 0.66953125 0.25859375 0.075 0.05234375
3 0.66015625 0.69609375 0.071875 0.04921875
0 0.67578125 0.86171875 0.034375 0.0328125
4 0.55078125 0.7765625 0.07890625 0.05546875
2 0.67421875 0.98125 0.0453125 0.0375