7 0.66875 0.321875 0.109375 0.159375
7 0.46796875 0.3734375 0.1015625 0.153125
6 0.20859375 0.30859375 0.1 0.1515625
7 0.01328125 0.36796875 0.0265625 0.159375
6 0.5671875 0.3296875 0.096875 0.1484375
7 0.38125 0.2984375 0.1 0.1578125
6 0.08125 0.34921875 0.1015625 0.153125
6 0.29765625 0.38359375 0.1 0.15625
1 0.6625 0.3140625 0.04375 0.065625
3 0.46640625 0.37734375 0.05 0.0703125
3 0.3828125 0.303125 0.0359375 0.053125
3 0.56171875 0.3359375 0.04375 0.0671875
4 0.36875 0.4296875 0.046875 0.0625
5 0.2046875 0.29375 0.040625 0.0625
3 0.303125 0.38359375 0.040625 0.075
3 0.0765625 0.34375 0.04375 0.065625