6 0.5796875 0.2796875 0.15625 0.10625
6 0.68671875 0.478125 0.15625 0.1
6 0.75078125 0.6828125 0.15 0.09375
6 0.39765625 0.56953125 0.1625 0.103125
7 0.6421875 0.378125 0.15625 0.103125
7 0.5171875 0.503125 0.159375 0.109375
7 0.66875 0.58125 0.1640625 0.096875
7 0.5015625 0.66484375 0.1578125 0.1015625
5 0.8078125 0.8890625 0.075 0.059375
5 0.72421875 0.83203125 0.0625 0.040625
5 0.65234375 0.7359375 0.0609375 0.04375
4 0.65 0.82421875 0.065625 0.05
4 0.59375 0.77421875 0.059375 0.04375
4 0.52265625 0.7453125 0.078125 0.04375
5 0.65 0.9859375 0.078125 0.028125
2 0.65546875 0.9046875 0.075 0.0453125
2 0.528125 0.90703125 0.059375 0.034375