7 0.678125 0.33125 0.1125 0.165625
7 0.47265625 0.378125 0.10625 0.159375
6 0.2015625 0.30703125 0.103125 0.1578125
7 0.00546875 0.3765625 0.0109375 0.1625
6 0.571875 0.33046875 0.1015625 0.1546875
7 0.38125 0.3 0.103125 0.1640625
6 0.065625 0.35703125 0.10625 0.159375
6 0.29453125 0.38984375 0.103125 0.1625
1 0.675 0.31953125 0.046875 0.06875
3 0.46953125 0.38046875 0.053125 0.0734375
3 0.38125 0.3078125 0.0375 0.05625
3 0.5671875 0.3375 0.0453125 0.06875
4 0.36953125 0.4421875 0.05 0.065625
5 0.20078125 0.29921875 0.0421875 0.0640625
3 0.30078125 0.38671875 0.0421875 0.078125
3 0.06171875 0.34765625 0.04375 0.0640625