7 0.65546875 0.33046875 0.15234375 0.10625
7 0.6125 0.5234375 0.15546875 0.10625
6 0.67890625 0.77421875 0.15078125 0.1015625
7 0.6203125 0.9734375 0.153125 0.053125
6 0.66015625 0.4265625 0.153125 0.096875
7 0.6890625 0.60546875 0.15234375 0.096875
6 0.634375 0.89375 0.1578125 0.0984375
6 0.603125 0.68515625 0.15390625 0.1
1 0.6703125 0.334375 0.0640625 0.04296875
4 0.61640625 0.98828125 0.0734375 0.0234375
3 0.61015625 0.52265625 0.06796875 0.0484375
3 0.68203125 0.60625 0.05703125 0.03984375
3 0.65078125 0.43359375 0.06484375 0.0421875
4 0.55703125 0.61640625 0.0640625 0.04296875
5 0.68515625 0.7734375 0.06484375 0.040625
3 0.609375 0.6828125 0.07421875 0.04609375
3 0.63671875 0.90234375 0.0625 0.04140625