4 0.53984375 0.43203125 0.13046875 0.08984375
4 0.93203125 0.48515625 0.1359375 0.09375
4 0.48359375 0.640625 0.13828125 0.084375
1 0.70546875 0.47890625 0.11953125 0.09453125
1 0.375 0.51328125 0.13125 0.09140625
1 0.6625 0.78046875 0.12578125 0.08828125
0 0.81875 0.60234375 0.13046875 0.06875
0 0.840625 0.7109375 0.13046875 0.09296875
2 0.31328125 0.6140625 0.146875 0.06953125
5 0.9578125 0.77578125 0.084375 0.0984375
3 0.65234375 0.64375 0.128125 0.08046875
2 0.46640625 0.746875 0.1453125 0.0890625