6 0.63984375 0.19453125 0.13984375 0.096875
6 0.65625 0.40625 0.14296875 0.09609375
6 0.659375 0.7890625 0.13515625 0.09140625
7 0.6609375 0.29296875 0.14375 0.0953125
7 0.65234375 0.56015625 0.14375 0.09375
6 0.634375 0.9390625 0.13671875 0.09140625
7 0.64296875 0.65234375 0.1453125 0.0921875
3 0.65078125 0.196875 0.0703125 0.04765625
3 0.66015625 0.403125 0.0640625 0.04453125
5 0.640625 0.5546875 0.059375 0.03984375
5 0.66640625 0.2875 0.0671875 0.04921875
1 0.62734375 0.65 0.0515625 0.03828125
0 0.659375 0.78671875 0.034375 0.0328125
3 0.5671875 0.734375 0.0640625 0.0421875
2 0.63515625 0.93671875 0.046875 0.05