6 0.64375 0.26953125 0.15234375 0.10625
7 0.67734375 0.46640625 0.15546875 0.10625
6 0.66875 0.83515625 0.15 0.1046875
7 0.70546875 0.3640625 0.15859375 0.109375
7 0.64296875 0.5703125 0.1578125 0.10703125
6 0.67421875 0.93984375 0.153125 0.10078125
6 0.71171875 0.68828125 0.15390625 0.10078125
0 0.6375 0.2671875 0.0640625 0.04296875
5 0.68828125 0.4703125 0.06796875 0.0484375
3 0.6328125 0.571875 0.0640625 0.046875
3 0.709375 0.36796875 0.06484375 0.04453125
3 0.7046875 0.684375 0.0640625 0.04296875
3 0.66015625 0.83828125 0.06484375 0.040625
0 0.6359375 0.74375 0.07421875 0.04609375
1 0.6671875 0.946875 0.0625 0.04140625