6 0.196875 0.6171875 0.115625 0.159375
7 0.42578125 0.63203125 0.109375 0.165625
6 0.84609375 0.61015625 0.109375 0.15625
7 0.315625 0.67734375 0.115625 0.1671875
7 0.53359375 0.59609375 0.1125 0.1703125
6 0.95078125 0.64296875 0.096875 0.1671875
6 0.69140625 0.640625 0.10625 0.1609375
0 0.20078125 0.62109375 0.04375 0.065625
1 0.42578125 0.6390625 0.05 0.06875
1 0.52890625 0.58828125 0.046875 0.065625
5 0.31796875 0.66640625 0.0453125 0.065625
3 0.6859375 0.653125 0.04375 0.065625
0 0.8453125 0.6078125 0.040625 0.065625
4 0.78046875 0.5328125 0.05 0.075
2 0.95234375 0.6484375 0.0421875 0.0625