6 0.0421875 0.3484375 0.084375 0.175
7 0.15 0.3328125 0.1171875 0.165625
6 0.278125 0.29609375 0.10625 0.171875
6 0.39140625 0.32890625 0.1109375 0.1625
7 0.5421875 0.28515625 0.1125 0.1671875
6 0.65703125 0.2921875 0.1078125 0.1640625
7 0.77421875 0.3125 0.115625 0.16875
2 0.7657979796875 0.25624930625000003 0.7384664734374999 0.303605375 0.76828265625 0.34971534375 0.8004048953125 0.29973095 0.7657979796875 0.25624930625000003
4 0.6661276875000001 0.2375561 0.6321703671875001 0.28615845625 0.6619865500000001 0.336007009375 0.6968157171875 0.29038279375 0.6661276875000001 0.2375561
2 0.555145203125 0.2250939609375 0.5170467125 0.2687114453125 0.54189354375 0.3260372609375 0.5766522703125 0.2825926640625 0.555145203125 0.2250939609375
2 0.31457164843749996 0.3075210796875 0.311080284375 0.3011129859375 0.29368758125 0.2500182375 0.254760875 0.2811735828125 0.27629478125 0.3372532046875 0.31457164843749996 0.3075210796875
0 0.40549831249999996 0.3023591796875 0.36822806875 0.317313803125 0.37651034375000003 0.37962449375 0.4202326109375 0.3636100125 0.40549831249999996 0.3023591796875
3 0.16557459375 0.2936357203125 0.1183656125 0.3023591796875 0.12250675156249999 0.3696547453125 0.16851090625 0.3558198828125 0.16557459375 0.2936357203125
5 0.1465253640625 0.16901433906250002 0.144868903125 0.23506361406249998 0.19539077656249998 0.247525753125 0.196479984375 0.1750888765625 0.1465253640625 0.16901433906250002
1 0.02394765 0.3011129859375 0.0048984203125 0.365916065625 0.048794478125 0.3858555640625 0.0670154921875 0.329775940625 0.02394765 0.3011129859375